year,FIPS,area_name,age_in_yrs_num,age_in_yrs_char,total,total_male,total_female,nh_white_total,nh_white_male,nh_white_female,nh_black_total,nh_black_male,nh_black_female,hispanic_total,hispanic_male,hispanic_female,nh_asian_total,nh_asian_male,nh_asian_female,nh_other_total,nh_other_male,nh_other_female
2010,113,Dallas County,-1,All Ages,2368139,1171002,1197137,784693,383504,401189,518732,239252,279480,905940,470056,435884,117797,58524,59273,40977,19666,21311
2010,113,Dallas County,0,< 1 yr,38082,19448,18634,7103,3675,3428,7739,3979,3760,20364,10299,10065,1754,924,830,1122,571,551
2010,113,Dallas County,1,1 yr,38194,19471,18723,6960,3536,3424,7873,3981,3892,20508,10518,9990,1764,903,861,1089,533,556
2010,113,Dallas County,2,2 yrs,39311,20193,19118,7065,3579,3486,8131,4203,3928,21186,10927,10259,1797,909,888,1132,575,557
2010,113,Dallas County,3,3 yrs,38979,20051,18928,6963,3626,3337,8209,4239,3970,21081,10838,10243,1725,866,859,1001,482,519
2010,113,Dallas County,4,4 yrs,38272,19536,18736,6796,3513,3283,8230,4177,4053,20546,10475,10071,1705,871,834,995,500,495
2010,113,Dallas County,5,5 yrs,37466,19131,18335,6795,3507,3288,8048,4088,3960,20089,10245,9844,1658,851,807,876,440,436
2010,113,Dallas County,6,6 yrs,36697,18726,17971,6712,3451,3261,8014,4014,4000,19451,9946,9505,1638,869,769,882,446,436
2010,113,Dallas County,7,7 yrs,36015,18369,17646,6557,3407,3150,7924,3992,3932,19089,9730,9359,1599,804,795,846,436,410
2010,113,Dallas County,8,8 yrs,36693,18771,17922,6685,3450,3235,8205,4160,4045,19528,10009,9519,1493,749,744,782,403,379
2010,113,Dallas County,9,9 yrs,36640,18810,17830,6847,3598,3249,8151,4191,3960,19270,9827,9443,1576,808,768,796,386,410
2010,113,Dallas County,10,10 yrs,36059,18354,17705,6853,3522,3331,8461,4230,4231,18529,9483,9046,1427,704,723,789,415,374
2010,113,Dallas County,11,11 yrs,34799,17647,17152,6882,3560,3322,8140,4105,4035,17645,8910,8735,1338,690,648,794,382,412
2010,113,Dallas County,12,12 yrs,34261,17493,16768,6927,3577,3350,8199,4201,3998,17032,8645,8387,1298,668,630,805,402,403
2010,113,Dallas County,13,13 yrs,34229,17415,16814,7278,3740,3538,8240,4122,4118,16667,8542,8125,1305,639,666,739,372,367
2010,113,Dallas County,14,14 yrs,34055,17320,16735,7239,3688,3551,8253,4243,4010,16471,8320,8151,1325,667,658,767,402,365
2010,113,Dallas County,15,15 yrs,34622,17837,16785,7542,3902,3640,8683,4403,4280,16265,8436,7829,1336,696,640,796,400,396
2010,113,Dallas County,16,16 yrs,34816,17817,16999,7776,4002,3774,8712,4384,4328,16156,8355,7801,1438,707,731,734,369,365
2010,113,Dallas County,17,17 yrs,35073,17898,17175,7824,3997,3827,9003,4486,4517,16231,8415,7816,1302,663,639,713,337,376
2010,113,Dallas County,18,18 yrs,33388,17232,16156,7800,3991,3809,8106,4144,3962,15586,8150,7436,1295,654,641,601,293,308
2010,113,Dallas County,19,19 yrs,31294,16152,15142,7105,3617,3488,7445,3727,3718,14957,7869,7088,1188,637,551,599,302,297
2010,113,Dallas County,20,20 yrs,31826,16517,15309,7548,3890,3658,7286,3558,3728,15051,8075,6976,1349,711,638,592,283,309
2010,113,Dallas County,21,21 yrs,31692,16331,15361,7665,3745,3920,7117,3439,3678,14861,8130,6731,1505,774,731,544,243,301
2010,113,Dallas County,22,22 yrs,33714,17237,16477,8869,4278,4591,7142,3391,3751,15480,8394,7086,1629,904,725,594,270,324
2010,113,Dallas County,23,23 yrs,36023,18084,17939,10488,4946,5542,7222,3383,3839,15852,8595,7257,1844,910,934,617,250,367
2010,113,Dallas County,24,24 yrs,38326,19074,19252,11850,5621,6229,7475,3366,4109,16172,8692,7480,2150,1066,1084,679,329,350
2010,113,Dallas County,25,25 yrs,38760,19425,19335,12328,5895,6433,7437,3373,4064,16155,8717,7438,2193,1151,1042,647,289,358
2010,113,Dallas County,26,26 yrs,38790,19438,19352,12088,6010,6078,7389,3325,4064,16130,8631,7499,2521,1159,1362,662,313,349
2010,113,Dallas County,27,27 yrs,40421,20195,20226,12266,6149,6117,7768,3425,4343,16994,9026,7968,2655,1264,1391,738,331,407
2010,113,Dallas County,28,28 yrs,39869,20182,19687,11993,6058,5935,7668,3424,4244,16845,9069,7776,2632,1295,1337,731,336,395
2010,113,Dallas County,29,29 yrs,39991,20030,19961,11678,5886,5792,7962,3498,4464,17147,9147,8000,2597,1213,1384,607,286,321
2010,113,Dallas County,30,30 yrs,40228,20310,19918,11200,5769,5431,8111,3535,4576,17528,9348,8180,2679,1315,1364,710,343,367
2010,113,Dallas County,31,31 yrs,37209,18841,18368,10253,5276,4977,7664,3359,4305,16190,8656,7534,2497,1256,1241,605,294,311
2010,113,Dallas County,32,32 yrs,37150,18721,18429,10023,5130,4893,7442,3219,4223,16725,8921,7804,2395,1210,1185,565,241,324
2010,113,Dallas County,33,33 yrs,36485,18195,18290,9782,5098,4684,7491,3235,4256,16279,8414,7865,2368,1186,1182,565,262,303
2010,113,Dallas County,34,34 yrs,36138,17870,18268,9502,4892,4610,7328,3125,4203,16194,8314,7880,2571,1271,1300,543,268,275
2010,113,Dallas County,35,35 yrs,36884,18559,18325,9754,5059,4695,7507,3294,4213,16580,8655,7925,2504,1294,1210,539,257,282
2010,113,Dallas County,36,36 yrs,34735,17184,17551,9287,4759,4528,7418,3195,4223,15209,7785,7424,2372,1226,1146,449,219,230
2010,113,Dallas County,37,37 yrs,35129,17650,17479,9611,5032,4579,7689,3398,4291,14997,7787,7210,2285,1168,1117,547,265,282
2010,113,Dallas County,38,38 yrs,35449,17705,17744,10154,5234,4920,7950,3523,4427,14631,7537,7094,2223,1172,1051,491,239,252
2010,113,Dallas County,39,39 yrs,35939,17832,18107,11044,5735,5309,8257,3596,4661,13922,7105,6817,2186,1153,1033,530,243,287
2010,113,Dallas County,40,40 yrs,35758,17889,17869,11046,5729,5317,8068,3544,4524,14073,7332,6741,2058,1031,1027,513,253,260
2010,113,Dallas County,41,41 yrs,32952,16788,16164,10407,5397,5010,7453,3407,4046,12700,6741,5959,1939,1023,916,453,220,233
2010,113,Dallas County,42,42 yrs,32574,16376,16198,10209,5240,4969,7690,3447,4243,12408,6527,5881,1785,934,851,482,228,254
2010,113,Dallas County,43,43 yrs,31624,15940,15684,10270,5329,4941,7515,3369,4146,11833,6274,5559,1599,772,827,407,196,211
2010,113,Dallas County,44,44 yrs,31943,16063,15880,10483,5379,5104,7903,3511,4392,11535,6156,5379,1584,807,777,438,210,228
2010,113,Dallas County,45,45 yrs,33580,17024,16556,11797,6140,5657,8413,3775,4638,11272,6069,5203,1596,813,783,502,227,275
2010,113,Dallas County,46,46 yrs,32967,16617,16350,12423,6300,6123,8080,3598,4482,10381,5661,4720,1603,818,785,480,240,240
2010,113,Dallas County,47,47 yrs,33063,16396,16667,13181,6694,6487,8018,3548,4470,9821,5159,4662,1554,766,788,489,229,260
2010,113,Dallas County,48,48 yrs,32526,16123,16403,13616,6785,6831,7924,3606,4318,9158,4850,4308,1410,691,719,418,191,227
2010,113,Dallas County,49,49 yrs,32839,16370,16469,13803,6930,6873,8011,3641,4370,9087,4845,4242,1472,747,725,466,207,259
2010,113,Dallas County,50,50 yrs,32811,16398,16413,14109,7039,7070,8007,3711,4296,8742,4708,4034,1486,707,779,467,233,234
2010,113,Dallas County,51,51 yrs,31025,15311,15714,13845,6956,6889,7506,3400,4106,7891,4132,3759,1374,633,741,409,190,219
2010,113,Dallas County,52,52 yrs,30682,15142,15540,14095,7058,7037,7385,3388,3997,7320,3797,3523,1436,678,758,446,221,225
2010,113,Dallas County,53,53 yrs,29707,14460,15247,13779,6787,6992,7130,3191,3939,6943,3598,3345,1451,697,754,404,187,217
2010,113,Dallas County,54,54 yrs,28683,14134,14549,13649,6864,6785,6738,3062,3676,6550,3381,3169,1343,623,720,403,204,199
2010,113,Dallas County,55,55 yrs,27809,13599,14210,13655,6744,6911,6402,2890,3512,6100,3178,2922,1280,617,663,372,170,202
2010,113,Dallas County,56,56 yrs,25420,12133,13287,12819,6140,6679,5678,2534,3144,5340,2715,2625,1232,574,658,351,170,181
2010,113,Dallas County,57,57 yrs,25039,11998,13041,12805,6226,6579,5529,2451,3078,5031,2555,2476,1310,603,707,364,163,201
2010,113,Dallas County,58,58 yrs,23532,11065,12467,12128,5803,6325,5343,2281,3062,4610,2288,2322,1114,527,587,337,166,171
2010,113,Dallas County,59,59 yrs,22814,10837,11977,11491,5564,5927,5318,2273,3045,4491,2295,2196,1213,555,658,301,150,151
2010,113,Dallas County,60,60 yrs,21838,10272,11566,11348,5427,5921,4946,2141,2805,4054,2013,2041,1191,554,637,299,137,162
2010,113,Dallas County,61,61 yrs,20968,9914,11054,11049,5282,5767,4803,2099,2704,3799,1922,1877,1044,490,554,273,121,152
2010,113,Dallas County,62,62 yrs,20859,9735,11124,11612,5504,6108,4577,2015,2562,3456,1645,1811,942,435,507,272,136,136
2010,113,Dallas County,63,63 yrs,19907,9322,10585,11650,5597,6053,3925,1697,2228,3191,1503,1688,864,410,454,277,115,162
2010,113,Dallas County,64,64 yrs,15544,7229,8315,8377,3949,4428,3337,1437,1900,2866,1385,1481,761,353,408,203,105,98
2010,113,Dallas County,65,65 yrs,15580,7139,8441,8525,3947,4578,3390,1399,1991,2611,1295,1316,804,391,413,250,107,143
2010,113,Dallas County,66,66 yrs,14867,6939,7928,8428,4054,4374,3006,1294,1712,2492,1152,1340,722,341,381,219,98,121
2010,113,Dallas County,67,67 yrs,14088,6441,7647,8199,3797,4402,2890,1227,1663,2137,993,1144,702,343,359,160,81,79
2010,113,Dallas County,68,68 yrs,12310,5553,6757,7129,3260,3869,2575,1079,1496,1888,890,998,554,244,310,164,80,84
2010,113,Dallas County,69,69 yrs,11796,5293,6503,6806,3117,3689,2447,974,1473,1875,887,988,534,248,286,134,67,67
2010,113,Dallas County,70,70 yrs,10809,4818,5991,6276,2836,3440,2186,903,1283,1720,785,935,498,238,260,129,56,73
2010,113,Dallas County,71,71 yrs,10209,4585,5624,6109,2796,3313,1994,825,1169,1526,686,840,464,229,235,116,49,67
2010,113,Dallas County,72,72 yrs,9567,4298,5269,5776,2629,3147,1824,756,1068,1436,655,781,428,210,218,103,48,55
2010,113,Dallas County,73,73 yrs,8892,3865,5027,5361,2356,3005,1733,694,1039,1280,578,702,424,196,228,94,41,53
2010,113,Dallas County,74,74 yrs,8618,3721,4897,5324,2358,2966,1610,604,1006,1206,547,659,369,174,195,109,38,71
2010,113,Dallas County,75,75 yrs,8441,3516,4925,5333,2205,3128,1573,657,916,1129,477,652,313,143,170,93,34,59
2010,113,Dallas County,76,76 yrs,7795,3302,4493,4980,2117,2863,1472,573,899,1005,457,548,265,121,144,73,34,39
2010,113,Dallas County,77,77 yrs,7375,3016,4359,4824,2017,2807,1367,479,888,864,372,492,242,116,126,78,32,46
2010,113,Dallas County,78,78 yrs,7023,2906,4117,4794,2017,2777,1088,397,691,830,368,462,243,96,147,68,28,40
2010,113,Dallas County,79,79 yrs,6805,2728,4077,4633,1891,2742,1080,381,699,809,340,469,212,93,119,71,23,48
2010,113,Dallas County,80,80 yrs,6591,2571,4020,4478,1793,2685,1079,344,735,761,327,434,210,85,125,63,22,41
2010,113,Dallas County,81,81 yrs,6043,2330,3713,4268,1710,2558,957,298,659,587,227,360,177,75,102,54,20,34
2010,113,Dallas County,82,82 yrs,5389,2033,3356,3832,1453,2379,784,276,508,559,213,346,149,70,79,65,21,44
2010,113,Dallas County,83,83 yrs,5099,1956,3143,3699,1434,2265,710,222,488,541,239,302,103,38,65,46,23,23
2010,113,Dallas County,84,84 yrs,4868,1791,3077,3567,1371,2196,710,219,491,442,143,299,113,44,69,36,14,22
2010,113,Dallas County,85,85 yrs,4405,1495,2910,3321,1117,2204,573,171,402,386,150,236,96,42,54,29,15,14
2010,113,Dallas County,86,86 yrs,3889,1291,2598,2916,983,1933,493,122,371,348,139,209,96,33,63,36,14,22
2010,113,Dallas County,87,87 yrs,3443,1175,2268,2620,890,1730,447,128,319,260,114,146,83,32,51,33,11,22
2010,113,Dallas County,88,88 yrs,2970,994,1976,2323,797,1526,356,100,256,230,75,155,47,22,25,14,0,14
2010,113,Dallas County,89,89 yrs,2562,800,1762,1960,629,1331,319,75,244,212,71,141,44,15,29,27,10,17
2010,113,Dallas County,90,90 yrs,2007,630,1377,1538,491,1047,267,70,197,141,46,95,40,15,25,21,8,13
2010,113,Dallas County,91,91 yrs,1571,445,1126,1218,323,895,206,57,149,112,50,62,22,8,14,13,7,6
2010,113,Dallas County,92,92 yrs,1260,357,903,969,268,701,177,44,133,75,31,44,30,11,19,9,3,6
2010,113,Dallas County,93,93 yrs,944,221,723,735,170,565,137,28,109,55,17,38,11,5,6,6,1,5
2010,113,Dallas County,94,94 yrs,735,183,552,542,131,411,115,31,84,60,20,40,13,1,12,5,0,5
2010,113,Dallas County,95,95+ yrs,2021,424,1597,1472,284,1188,379,79,300,118,46,72,32,10,22,20,5,15
2011,113,Dallas County,-1,All Ages,2404557,1188118,1216439,785259,384044,401215,528481,243814,284667,924556,478381,446175,123946,61575,62371,42315,20304,22011
2011,113,Dallas County,0,< 1 yr,39160,19981,19179,9278,4731,4547,7827,3995,3832,18885,9632,9253,1956,1002,954,1214,621,593
2011,113,Dallas County,1,1 yr,37990,19375,18615,7013,3627,3386,7752,3975,3777,20306,10258,10048,1797,945,852,1122,570,552
2011,113,Dallas County,2,2 yrs,38345,19536,18809,6907,3509,3398,7975,4028,3947,20551,10534,10017,1813,927,886,1099,538,561
2011,113,Dallas County,3,3 yrs,39468,20263,19205,7011,3551,3460,8235,4253,3982,21234,10945,10289,1845,933,912,1143,581,562
2011,113,Dallas County,4,4 yrs,39137,20121,19016,6911,3599,3312,8317,4291,4026,21129,10857,10272,1771,888,883,1009,486,523
2011,113,Dallas County,5,5 yrs,38430,19603,18827,6744,3486,3258,8339,4227,4112,20594,10493,10101,1750,893,857,1003,504,499
2011,113,Dallas County,6,6 yrs,37590,19167,18423,6762,3487,3275,8141,4135,4006,20105,10233,9872,1697,869,828,885,443,442
2011,113,Dallas County,7,7 yrs,36822,18763,18059,6680,3431,3249,8105,4059,4046,19469,9936,9533,1677,888,789,891,449,442
2011,113,Dallas County,8,8 yrs,36135,18403,17732,6525,3387,3138,8017,4038,3979,19102,9718,9384,1636,821,815,855,439,416
2011,113,Dallas County,9,9 yrs,36814,18806,18008,6653,3430,3223,8298,4207,4091,19545,9998,9547,1528,765,763,790,406,384
2011,113,Dallas County,10,10 yrs,36765,18846,17919,6814,3577,3237,8245,4238,4007,19287,9816,9471,1614,826,788,805,389,416
2011,113,Dallas County,11,11 yrs,36176,18421,17755,6822,3499,3323,8454,4227,4227,18636,9552,9084,1477,729,748,787,414,373
2011,113,Dallas County,12,12 yrs,34905,17707,17198,6850,3536,3314,8131,4101,4030,17746,8974,8772,1386,715,671,792,381,411
2011,113,Dallas County,13,13 yrs,34365,17552,16813,6896,3554,3342,8191,4197,3994,17131,8708,8423,1344,692,652,803,401,402
2011,113,Dallas County,14,14 yrs,34330,17471,16859,7247,3717,3530,8231,4117,4114,16764,8604,8160,1351,662,689,737,371,366
2011,113,Dallas County,15,15 yrs,34127,17362,16765,7223,3684,3539,8224,4222,4002,16545,8365,8180,1371,691,680,764,400,364
2011,113,Dallas County,16,16 yrs,35578,18289,17289,7911,4078,3833,8799,4455,4344,16580,8579,8001,1487,776,711,801,401,400
2011,113,Dallas County,17,17 yrs,35457,18077,17380,8068,4125,3943,8700,4362,4338,16392,8456,7936,1579,776,803,718,358,360
2011,113,Dallas County,18,18 yrs,34192,17508,16684,7608,3929,3679,8573,4305,4268,15986,8273,7713,1323,675,648,702,326,376
2011,113,Dallas County,19,19 yrs,31702,16366,15336,7197,3651,3546,7698,3952,3746,14941,7828,7113,1276,650,626,590,285,305
2011,113,Dallas County,20,20 yrs,32337,16582,15755,7385,3753,3632,7634,3796,3838,15364,8014,7350,1333,715,618,621,304,317
2011,113,Dallas County,21,21 yrs,32995,16989,16006,7919,4067,3852,7737,3736,4001,15191,8097,7094,1517,787,730,631,302,329
2011,113,Dallas County,22,22 yrs,33250,16962,16288,8261,4020,4241,7627,3660,3967,15042,8147,6895,1730,865,865,590,270,320
2011,113,Dallas County,23,23 yrs,35776,18151,17625,9905,4761,5144,7599,3581,4018,15703,8463,7240,1926,1060,866,643,286,357
2011,113,Dallas County,24,24 yrs,37857,18938,18919,11328,5374,5954,7615,3547,4068,16150,8716,7434,2090,1028,1062,674,273,401
2011,113,Dallas County,25,25 yrs,40188,19879,20309,12748,6070,6678,7931,3539,4392,16356,8748,7608,2430,1175,1255,723,347,376
2011,113,Dallas County,26,26 yrs,39280,19698,19582,12466,5999,6467,7675,3482,4193,16126,8663,7463,2343,1258,1085,670,296,374
2011,113,Dallas County,27,27 yrs,39037,19514,19523,12032,6023,6009,7609,3407,4202,16041,8537,7504,2676,1226,1450,679,321,358
2011,113,Dallas County,28,28 yrs,40852,20443,20409,12363,6257,6106,7970,3528,4442,16915,8948,7967,2848,1371,1477,756,339,417
2011,113,Dallas County,29,29 yrs,40003,20164,19839,11859,5993,5866,7876,3501,4375,16715,8949,7766,2813,1386,1427,740,335,405
2011,113,Dallas County,30,30 yrs,40216,20096,20120,11671,5916,5755,8157,3571,4586,17051,9058,7993,2705,1250,1455,632,301,331
2011,113,Dallas County,31,31 yrs,40402,20388,20014,11106,5720,5386,8278,3610,4668,17454,9281,8173,2845,1429,1416,719,348,371
2011,113,Dallas County,32,32 yrs,37151,18777,18374,10122,5215,4907,7777,3421,4356,16080,8563,7517,2572,1287,1285,600,291,309
2011,113,Dallas County,33,33 yrs,37103,18664,18439,9896,5071,4825,7564,3276,4288,16584,8804,7780,2485,1267,1218,574,246,328
2011,113,Dallas County,34,34 yrs,36347,18098,18249,9640,5021,4619,7595,3293,4302,16120,8302,7818,2427,1217,1210,565,265,300
2011,113,Dallas County,35,35 yrs,36052,17792,18260,9360,4820,4540,7434,3175,4259,16080,8230,7850,2638,1302,1336,540,265,275
2011,113,Dallas County,36,36 yrs,36783,18473,18310,9639,4993,4646,7551,3312,4239,16496,8588,7908,2551,1317,1234,546,263,283
2011,113,Dallas County,37,37 yrs,34651,17098,17553,9178,4697,4481,7463,3212,4251,15143,7724,7419,2417,1247,1170,450,218,232
2011,113,Dallas County,38,38 yrs,35005,17536,17469,9494,4964,4530,7726,3407,4319,14910,7713,7197,2327,1186,1141,548,266,282
2011,113,Dallas County,39,39 yrs,35319,17612,17707,10032,5168,4864,7977,3530,4447,14553,7481,7072,2264,1191,1073,493,242,251
2011,113,Dallas County,40,40 yrs,35839,17755,18084,10909,5664,5245,8316,3625,4691,13857,7048,6809,2228,1174,1054,529,244,285
2011,113,Dallas County,41,41 yrs,35778,17868,17910,10986,5688,5298,8078,3542,4536,14102,7336,6766,2100,1051,1049,512,251,261
2011,113,Dallas County,42,42 yrs,32940,16754,16186,10337,5349,4988,7443,3397,4046,12726,6745,5981,1977,1041,936,457,222,235
2011,113,Dallas County,43,43 yrs,32546,16331,16215,10145,5196,4949,7684,3442,4242,12418,6518,5900,1819,950,869,480,225,255
2011,113,Dallas County,44,44 yrs,31590,15889,15701,10200,5283,4917,7502,3356,4146,11856,6273,5583,1628,783,845,404,194,210
2011,113,Dallas County,45,45 yrs,31921,16039,15882,10407,5338,5069,7906,3513,4393,11553,6155,5398,1618,824,794,437,209,228
2011,113,Dallas County,46,46 yrs,33583,16999,16584,11744,6107,5637,8394,3761,4633,11314,6079,5235,1628,825,803,503,227,276
2011,113,Dallas County,47,47 yrs,32985,16605,16380,12366,6264,6102,8093,3609,4484,10416,5665,4751,1636,831,805,474,236,238
2011,113,Dallas County,48,48 yrs,33055,16379,16676,13118,6656,6462,8000,3542,4458,9863,5173,4690,1586,779,807,488,229,259
2011,113,Dallas County,49,49 yrs,32476,16072,16404,13540,6737,6803,7897,3591,4306,9189,4855,4334,1437,701,736,413,188,225
2011,113,Dallas County,50,50 yrs,32826,16362,16464,13728,6891,6837,8002,3642,4360,9132,4864,4268,1500,758,742,464,207,257
2011,113,Dallas County,51,51 yrs,32681,16323,16358,13969,6966,7003,7970,3686,4284,8764,4717,4047,1513,719,794,465,235,230
2011,113,Dallas County,52,52 yrs,30866,15213,15653,13696,6875,6821,7469,3377,4092,7898,4128,3770,1398,643,755,405,190,215
2011,113,Dallas County,53,53 yrs,30507,15032,15475,13939,6975,6964,7339,3356,3983,7328,3793,3535,1461,689,772,440,219,221
2011,113,Dallas County,54,54 yrs,29537,14358,15179,13623,6702,6921,7088,3166,3922,6948,3593,3355,1476,708,768,402,189,213
2011,113,Dallas County,55,55 yrs,28635,14075,14560,13555,6796,6759,6722,3043,3679,6584,3395,3189,1368,633,735,406,208,198
2011,113,Dallas County,56,56 yrs,27612,13469,14143,13481,6648,6833,6362,2863,3499,6103,3168,2935,1301,624,677,365,166,199
2011,113,Dallas County,57,57 yrs,25219,12003,13216,12648,6047,6601,5632,2503,3129,5342,2706,2636,1252,580,672,345,167,178
2011,113,Dallas County,58,58 yrs,24832,11866,12966,12626,6128,6498,5482,2419,3063,5035,2550,2485,1332,610,722,357,159,198
2011,113,Dallas County,59,59 yrs,23315,10928,12387,11953,5707,6246,5294,2248,3046,4607,2279,2328,1131,532,599,330,162,168
2011,113,Dallas County,60,60 yrs,22614,10717,11897,11326,5476,5850,5268,2243,3025,4491,2289,2202,1234,562,672,295,147,148
2011,113,Dallas County,61,61 yrs,21453,10052,11401,11067,5275,5792,4861,2089,2772,4018,1990,2028,1212,565,647,295,133,162
2011,113,Dallas County,62,62 yrs,20569,9686,10883,10767,5130,5637,4713,2044,2669,3759,1895,1864,1059,498,561,271,119,152
2011,113,Dallas County,63,63 yrs,20434,9495,10939,11306,5340,5966,4486,1960,2526,3420,1622,1798,955,442,513,267,131,136
2011,113,Dallas County,64,64 yrs,19479,9085,10394,11331,5425,5906,3844,1650,2194,3153,1480,1673,877,417,460,274,113,161
2011,113,Dallas County,65,65 yrs,15232,7065,8167,8142,3825,4317,3279,1408,1871,2838,1369,1469,772,359,413,201,104,97
2011,113,Dallas County,66,66 yrs,15220,6939,8281,8297,3822,4475,3325,1363,1962,2565,1265,1300,795,387,408,238,102,136
2011,113,Dallas County,67,67 yrs,14500,6733,7767,8190,3921,4269,2944,1260,1684,2446,1123,1323,712,336,376,208,93,115
2011,113,Dallas County,68,68 yrs,13727,6242,7485,7959,3667,4292,2829,1193,1636,2096,967,1129,691,338,353,152,77,75
2011,113,Dallas County,69,69 yrs,11969,5364,6605,6909,3141,3768,2513,1045,1468,1848,864,984,544,239,305,155,75,80
2011,113,Dallas County,70,70 yrs,11461,5110,6351,6588,2998,3590,2389,945,1444,1834,861,973,523,243,280,127,63,64
2011,113,Dallas County,71,71 yrs,10541,4662,5879,6108,2741,3367,2132,872,1260,1687,763,924,493,235,258,121,51,70
2011,113,Dallas County,72,72 yrs,9935,4425,5510,5932,2695,3237,1940,794,1146,1496,666,830,458,225,233,109,45,64
2011,113,Dallas County,73,73 yrs,9288,4136,5152,5601,2530,3071,1768,725,1043,1403,633,770,421,205,216,95,43,52
2011,113,Dallas County,74,74 yrs,8618,3711,4907,5186,2260,2926,1679,665,1014,1250,558,692,415,190,225,88,38,50
2011,113,Dallas County,75,75 yrs,8325,3559,4766,5137,2256,2881,1554,575,979,1173,526,647,360,168,192,101,34,67
2011,113,Dallas County,76,76 yrs,8138,3361,4777,5137,2108,3029,1507,622,885,1101,460,641,308,141,167,85,30,55
2011,113,Dallas County,77,77 yrs,7482,3141,4341,4779,2016,2763,1403,538,865,977,440,537,258,118,140,65,29,36
2011,113,Dallas County,78,78 yrs,7056,2856,4200,4611,1911,2700,1303,449,854,838,356,482,235,113,122,69,27,42
2011,113,Dallas County,79,79 yrs,6691,2740,3951,4565,1903,2662,1029,370,659,800,350,450,236,93,143,61,24,37
2011,113,Dallas County,80,80 yrs,6453,2557,3896,4389,1773,2616,1019,353,666,777,322,455,205,90,115,63,19,44
2011,113,Dallas County,81,81 yrs,6268,2414,3854,4255,1684,2571,1022,318,704,735,313,422,202,81,121,54,18,36
2011,113,Dallas County,82,82 yrs,5710,2169,3541,4027,1592,2435,903,274,629,565,216,349,169,71,98,46,16,30
2011,113,Dallas County,83,83 yrs,5057,1879,3178,3592,1343,2249,734,252,482,534,201,333,142,66,76,55,17,38
2011,113,Dallas County,84,84 yrs,4754,1794,2960,3442,1315,2127,663,201,462,513,224,289,97,35,62,39,19,20
2011,113,Dallas County,85,85 yrs,4497,1625,2872,3289,1243,2046,657,197,460,416,133,283,106,41,65,29,11,18
2011,113,Dallas County,86,86 yrs,4029,1345,2684,3034,1003,2031,519,151,368,361,139,222,91,40,51,24,12,12
2011,113,Dallas County,87,87 yrs,3518,1145,2373,2632,869,1763,445,107,338,322,127,195,89,31,58,30,11,19
2011,113,Dallas County,88,88 yrs,3070,1027,2043,2331,775,1556,399,111,288,237,103,134,75,29,46,28,9,19
2011,113,Dallas County,89,89 yrs,2612,855,1757,2034,683,1351,314,85,229,209,67,142,43,20,23,12,0,12
2011,113,Dallas County,90,90 yrs,2219,674,1545,1691,529,1162,279,63,216,189,62,127,39,13,26,21,7,14
2011,113,Dallas County,91,91 yrs,1703,520,1183,1299,403,896,228,57,171,123,40,83,36,13,23,17,7,10
2011,113,Dallas County,92,92 yrs,1310,361,949,1010,260,750,175,47,128,96,42,54,19,7,12,10,5,5
2011,113,Dallas County,93,93 yrs,1027,279,748,783,208,575,148,35,113,63,25,38,26,9,17,7,2,5
2011,113,Dallas County,94,94 yrs,748,168,580,578,128,450,110,21,89,46,14,32,9,4,5,5,1,4
2011,113,Dallas County,95,95+ yrs,2015,436,1579,1441,289,1152,380,83,297,140,51,89,36,9,27,18,4,14
2012,113,Dallas County,-1,All Ages,2441092,1205220,1235872,785588,384461,401127,538381,248435,289946,943086,486644,456442,130322,64716,65606,43715,20964,22751
2012,113,Dallas County,0,< 1 yr,39590,20173,19417,9298,4742,4556,8002,4076,3926,18984,9680,9304,2044,1037,1007,1262,638,624
2012,113,Dallas County,1,1 yr,39053,19901,19152,9165,4670,4495,7834,3989,3845,18833,9595,9238,2007,1027,980,1214,620,594
2012,113,Dallas County,2,2 yrs,38137,19439,18698,6959,3599,3360,7852,4022,3830,20347,10272,10075,1847,970,877,1132,576,556
2012,113,Dallas County,3,3 yrs,38493,19599,18894,6854,3482,3372,8076,4075,4001,20593,10549,10044,1861,950,911,1109,543,566
2012,113,Dallas County,4,4 yrs,39623,20333,19290,6956,3523,3433,8340,4304,4036,21281,10963,10318,1892,956,936,1154,587,567
2012,113,Dallas County,5,5 yrs,39290,20187,19103,6858,3571,3287,8424,4342,4082,21174,10875,10299,1816,909,907,1018,490,528
2012,113,Dallas County,6,6 yrs,38559,19638,18921,6712,3466,3246,8433,4274,4159,20608,10479,10129,1792,912,880,1014,507,507
2012,113,Dallas County,7,7 yrs,37717,19202,18515,6730,3467,3263,8236,4183,4053,20119,10219,9900,1738,888,850,894,445,449
2012,113,Dallas County,8,8 yrs,36944,18796,18148,6648,3411,3237,8197,4104,4093,19483,9923,9560,1716,907,809,900,451,449
2012,113,Dallas County,9,9 yrs,36253,18435,17818,6492,3366,3126,8108,4083,4025,19115,9706,9409,1675,839,836,863,441,422
2012,113,Dallas County,10,10 yrs,36931,18839,18092,6621,3410,3211,8389,4253,4136,19560,9986,9574,1564,782,782,797,408,389
2012,113,Dallas County,11,11 yrs,36881,18913,17968,6780,3553,3227,8235,4233,4002,19394,9885,9509,1670,855,815,802,387,415
2012,113,Dallas County,12,12 yrs,36284,18482,17802,6786,3474,3312,8443,4221,4222,18740,9619,9121,1529,755,774,786,413,373
2012,113,Dallas County,13,13 yrs,35006,17764,17242,6817,3512,3305,8118,4095,4023,17845,9037,8808,1436,741,695,790,379,411
2012,113,Dallas County,14,14 yrs,34459,17606,16853,6862,3530,3332,8177,4191,3986,17226,8768,8458,1392,717,675,802,400,402
2012,113,Dallas County,15,15 yrs,34389,17506,16883,7227,3711,3516,8199,4095,4104,16832,8646,8186,1397,685,712,734,369,365
2012,113,Dallas County,16,16 yrs,35062,17793,17269,7574,3848,3726,8328,4268,4060,16863,8505,8358,1526,770,756,771,402,369
2012,113,Dallas County,17,17 yrs,36199,18542,17657,8194,4196,3998,8780,4429,4351,16813,8679,8134,1628,849,779,784,389,395
2012,113,Dallas County,18,18 yrs,34555,17671,16884,7827,4043,3784,8273,4180,4093,16135,8308,7827,1611,792,819,709,348,361
2012,113,Dallas County,19,19 yrs,32606,16690,15916,7063,3614,3449,8178,4121,4057,15352,7959,7393,1320,677,643,693,319,374
2012,113,Dallas County,20,20 yrs,32770,16811,15959,7493,3794,3699,7888,4022,3866,15347,7978,7369,1430,730,700,612,287,325
2012,113,Dallas County,21,21 yrs,33533,17067,16466,7755,3928,3827,8103,3984,4119,15513,8037,7476,1501,794,707,661,324,337
2012,113,Dallas County,22,22 yrs,34601,17653,16948,8522,4359,4163,8282,3971,4311,15372,8111,7261,1742,879,863,683,333,350
2012,113,Dallas County,23,23 yrs,35281,17845,17436,9236,4475,4761,8110,3863,4247,15257,8213,7044,2041,1009,1032,637,285,352
2012,113,Dallas County,24,24 yrs,37629,19030,18599,10735,5188,5547,8011,3752,4259,15999,8582,7417,2183,1197,986,701,311,390
2012,113,Dallas County,25,25 yrs,39691,19729,19962,12197,5807,6390,8080,3730,4350,16332,8771,7561,2365,1134,1231,717,287,430
2012,113,Dallas County,26,26 yrs,40737,20161,20576,12893,6180,6713,8185,3653,4532,16321,8690,7631,2589,1283,1306,749,355,394
2012,113,Dallas County,27,27 yrs,39514,19779,19735,12403,6009,6394,7902,3567,4335,16034,8567,7467,2486,1332,1154,689,304,385
2012,113,Dallas County,28,28 yrs,39467,19760,19707,12130,6131,5999,7806,3509,4297,15967,8462,7505,2869,1329,1540,695,329,366
2012,113,Dallas County,29,29 yrs,41002,20428,20574,12227,6192,6035,8186,3606,4580,16780,8827,7953,3042,1465,1577,767,338,429
2012,113,Dallas County,30,30 yrs,40231,20237,19994,11846,6021,5825,8067,3573,4494,16617,8859,7758,2932,1432,1500,769,352,417
2012,113,Dallas County,31,31 yrs,40381,20165,20216,11573,5865,5708,8327,3648,4679,16976,8991,7985,2866,1356,1510,639,305,334
2012,113,Dallas County,32,32 yrs,40338,20315,20023,10963,5653,5310,8400,3674,4726,17332,9180,8152,2930,1464,1466,713,344,369
2012,113,Dallas County,33,33 yrs,37113,18726,18387,9993,5155,4838,7903,3481,4422,15940,8447,7493,2668,1347,1321,609,296,313
2012,113,Dallas County,34,34 yrs,36961,18563,18398,9752,4994,4758,7667,3333,4334,16419,8686,7733,2549,1301,1248,574,249,325
2012,113,Dallas County,35,35 yrs,36251,18014,18237,9496,4948,4548,7705,3345,4360,16002,8215,7787,2486,1244,1242,562,262,300
2012,113,Dallas County,36,36 yrs,35958,17709,18249,9251,4757,4494,7478,3192,4286,15996,8164,7832,2686,1325,1361,547,271,276
2012,113,Dallas County,37,37 yrs,36688,18377,18311,9527,4929,4598,7598,3330,4268,16419,8517,7902,2598,1339,1259,546,262,284
2012,113,Dallas County,38,38 yrs,34529,16989,17540,9066,4632,4434,7496,3220,4276,15055,7651,7404,2462,1267,1195,450,219,231
2012,113,Dallas County,39,39 yrs,34882,17444,17438,9381,4901,4480,7752,3413,4339,14829,7655,7174,2370,1205,1165,550,270,280
2012,113,Dallas County,40,40 yrs,35228,17540,17688,9910,5104,4806,8035,3559,4476,14483,7421,7062,2308,1213,1095,492,243,249
2012,113,Dallas County,41,41 yrs,35856,17733,18123,10848,5623,5225,8325,3623,4702,13882,7049,6833,2272,1196,1076,529,242,287
2012,113,Dallas County,42,42 yrs,35764,17830,17934,10912,5638,5274,8065,3531,4534,14130,7339,6791,2141,1069,1072,516,253,263
2012,113,Dallas County,43,43 yrs,32910,16709,16201,10272,5305,4967,7435,3391,4044,12734,6735,5999,2014,1059,955,455,219,236
2012,113,Dallas County,44,44 yrs,32513,16283,16230,10074,5150,4924,7671,3429,4242,12439,6516,5923,1852,965,887,477,223,254
2012,113,Dallas County,45,45 yrs,31571,15866,15705,10125,5243,4882,7504,3358,4146,11875,6272,5603,1663,800,863,404,193,211
2012,113,Dallas County,46,46 yrs,31926,16016,15910,10359,5308,5051,7886,3500,4386,11593,6163,5430,1650,836,814,438,209,229
2012,113,Dallas County,47,47 yrs,33599,16984,16615,11688,6072,5616,8403,3769,4634,11350,6082,5268,1661,838,823,497,223,274
2012,113,Dallas County,48,48 yrs,32982,16590,16392,12307,6229,6078,8075,3603,4472,10457,5678,4779,1669,844,825,474,236,238
2012,113,Dallas County,49,49 yrs,33008,16326,16682,13045,6609,6436,7971,3526,4445,9895,5177,4718,1616,790,826,481,224,257
2012,113,Dallas County,50,50 yrs,32462,16063,16399,13467,6699,6768,7888,3593,4295,9232,4872,4360,1464,711,753,411,188,223
2012,113,Dallas County,51,51 yrs,32697,16289,16408,13590,6819,6771,7965,3617,4348,9155,4873,4282,1527,771,756,460,209,251
2012,113,Dallas County,52,52 yrs,32518,16223,16295,13819,6885,6934,7930,3660,4270,8770,4712,4058,1539,731,808,460,235,225
2012,113,Dallas County,53,53 yrs,30691,15103,15588,13543,6794,6749,7421,3344,4077,7905,4124,3781,1423,653,770,399,188,211
2012,113,Dallas County,54,54 yrs,30329,14923,15406,13779,6887,6892,7296,3329,3967,7331,3787,3544,1485,699,786,438,221,217
2012,113,Dallas County,55,55 yrs,29487,14300,15187,13525,6633,6892,7072,3148,3924,6982,3607,3375,1504,720,784,404,192,212
2012,113,Dallas County,56,56 yrs,28431,13936,14495,13382,6698,6684,6677,3012,3665,6587,3385,3202,1388,639,749,397,202,195
2012,113,Dallas County,57,57 yrs,27393,13325,14068,13300,6547,6753,6308,2826,3482,6104,3158,2946,1322,631,691,359,163,196
2012,113,Dallas County,58,58 yrs,25009,11872,13137,12471,5951,6520,5582,2470,3112,5345,2700,2645,1272,587,685,339,164,175
2012,113,Dallas County,59,59 yrs,24609,11724,12885,12444,6028,6416,5429,2384,3045,5032,2540,2492,1353,616,737,351,156,195
2012,113,Dallas County,60,60 yrs,23106,10805,12301,11781,5617,6164,5244,2218,3026,4607,2273,2334,1151,539,612,323,158,165
2012,113,Dallas County,61,61 yrs,22222,10491,11731,11046,5324,5722,5179,2188,2991,4452,2264,2188,1254,572,682,291,143,148
2012,113,Dallas County,62,62 yrs,21056,9828,11228,10785,5124,5661,4770,2035,2735,3977,1963,2014,1232,575,657,292,131,161
2012,113,Dallas County,63,63 yrs,20165,9457,10708,10483,4978,5505,4620,1989,2631,3720,1869,1851,1076,507,569,266,114,152
2012,113,Dallas County,64,64 yrs,20008,9260,10748,10999,5177,5822,4394,1906,2488,3381,1598,1783,970,450,520,264,129,135
2012,113,Dallas County,65,65 yrs,19067,8865,10202,11013,5255,5758,3773,1613,2160,3120,1462,1658,891,424,467,270,111,159
2012,113,Dallas County,66,66 yrs,14882,6868,8014,7924,3704,4220,3215,1372,1843,2788,1338,1450,764,355,409,191,99,92
2012,113,Dallas County,67,67 yrs,14849,6734,8115,8064,3696,4368,3259,1327,1932,2517,1233,1284,783,381,402,226,97,129
2012,113,Dallas County,68,68 yrs,14127,6525,7602,7950,3787,4163,2882,1226,1656,2399,1094,1305,699,330,369,197,88,109
2012,113,Dallas County,69,69 yrs,13353,6034,7319,7715,3534,4181,2764,1156,1608,2052,940,1112,678,331,347,144,73,71
2012,113,Dallas County,70,70 yrs,11628,5179,6449,6689,3022,3667,2452,1013,1439,1807,839,968,533,233,300,147,72,75
2012,113,Dallas County,71,71 yrs,11175,4945,6230,6410,2897,3513,2331,913,1418,1798,837,961,518,240,278,118,58,60
2012,113,Dallas County,72,72 yrs,10262,4502,5760,5933,2643,3290,2075,840,1235,1653,741,912,487,231,256,114,47,67
2012,113,Dallas County,73,73 yrs,9645,4259,5386,5752,2594,3158,1880,761,1119,1463,645,818,450,219,231,100,40,60
2012,113,Dallas County,74,74 yrs,9000,3970,5030,5416,2426,2990,1713,694,1019,1371,612,759,412,199,213,88,39,49
2012,113,Dallas County,75,75 yrs,8331,3553,4778,5005,2162,2843,1624,635,989,1215,537,678,406,185,221,81,34,47
2012,113,Dallas County,76,76 yrs,8025,3404,4621,4947,2157,2790,1490,544,946,1143,508,635,353,165,188,92,30,62
2012,113,Dallas County,77,77 yrs,7817,3199,4618,4932,2008,2924,1438,584,854,1070,443,627,302,139,163,75,25,50
2012,113,Dallas County,78,78 yrs,7159,2976,4183,4568,1910,2658,1336,504,832,947,422,525,251,115,136,57,25,32
2012,113,Dallas County,79,79 yrs,6720,2694,4026,4389,1803,2586,1235,420,815,808,339,469,227,109,118,61,23,38
2012,113,Dallas County,80,80 yrs,6341,2568,3773,4324,1784,2540,970,343,627,767,332,435,227,89,138,53,20,33
2012,113,Dallas County,81,81 yrs,6135,2400,3735,4168,1664,2504,966,327,639,750,308,442,196,85,111,55,16,39
2012,113,Dallas County,82,82 yrs,5924,2250,3674,4015,1568,2447,964,293,671,706,298,408,192,76,116,47,15,32
2012,113,Dallas County,83,83 yrs,5361,2006,3355,3775,1473,2302,846,249,597,540,204,336,159,66,93,41,14,27
2012,113,Dallas County,84,84 yrs,4714,1723,2991,3341,1230,2111,685,229,456,507,188,319,134,62,72,47,14,33
2012,113,Dallas County,85,85 yrs,4391,1627,2764,3176,1194,1982,612,179,433,481,207,274,90,32,58,32,15,17
2012,113,Dallas County,86,86 yrs,4117,1462,2655,3003,1116,1887,598,175,423,388,122,266,101,39,62,27,10,17
2012,113,Dallas County,87,87 yrs,3645,1191,2454,2740,887,1853,468,132,336,333,126,207,83,36,47,21,10,11
2012,113,Dallas County,88,88 yrs,3140,998,2142,2343,756,1587,398,92,306,293,114,179,81,27,54,25,9,16
2012,113,Dallas County,89,89 yrs,2697,882,1815,2042,664,1378,351,94,257,213,91,122,67,25,42,24,8,16
2012,113,Dallas County,90,90 yrs,2262,720,1542,1755,574,1181,274,71,203,185,58,127,38,17,21,10,0,10
2012,113,Dallas County,91,91 yrs,1887,558,1329,1430,435,995,238,51,187,166,54,112,35,12,23,18,6,12
2012,113,Dallas County,92,92 yrs,1419,420,999,1075,324,751,194,46,148,107,34,73,30,11,19,13,5,8
2012,113,Dallas County,93,93 yrs,1064,281,783,816,201,615,145,37,108,80,34,46,16,5,11,7,4,3
2012,113,Dallas County,94,94 yrs,809,211,598,615,156,459,117,26,91,52,21,31,21,7,14,4,1,3
2012,113,Dallas County,95,95+ yrs,2018,429,1589,1447,289,1158,375,77,298,145,50,95,36,10,26,15,3,12
2013,113,Dallas County,-1,All Ages,2477724,1222388,1255336,785679,384774,400905,548396,253134,295262,961534,494831,466703,136938,67988,68950,45177,21661,23516
2013,113,Dallas County,0,< 1 yr,40024,20421,19603,9316,4751,4565,8173,4171,4002,19099,9740,9359,2127,1090,1037,1309,669,640
2013,113,Dallas County,1,1 yr,39483,20094,19389,9185,4682,4503,8009,4069,3940,18930,9642,9288,2097,1064,1033,1262,637,625
2013,113,Dallas County,2,2 yrs,39188,19959,19229,9100,4637,4463,7929,4033,3896,18870,9608,9262,2064,1055,1009,1225,626,599
2013,113,Dallas County,3,3 yrs,38281,19501,18780,6906,3572,3334,7952,4069,3883,20386,10285,10101,1895,994,901,1142,581,561
2013,113,Dallas County,4,4 yrs,38645,19663,18982,6801,3455,3346,8180,4123,4057,20633,10562,10071,1911,975,936,1120,548,572
2013,113,Dallas County,5,5 yrs,39778,20400,19378,6902,3495,3407,8447,4355,4092,21324,10978,10346,1941,980,961,1164,592,572
2013,113,Dallas County,6,6 yrs,39416,20222,19194,6824,3550,3274,8521,4392,4129,21184,10859,10325,1859,928,931,1028,493,535
2013,113,Dallas County,7,7 yrs,38686,19675,19011,6680,3446,3234,8528,4322,4206,20619,10464,10155,1835,933,902,1024,510,514
2013,113,Dallas County,8,8 yrs,37838,19235,18603,6697,3447,3250,8330,4230,4100,20129,10203,9926,1779,907,872,903,448,455
2013,113,Dallas County,9,9 yrs,37061,18828,18233,6614,3390,3224,8286,4148,4138,19494,9909,9585,1758,927,831,909,454,455
2013,113,Dallas County,10,10 yrs,36369,18467,17902,6459,3346,3113,8200,4129,4071,19123,9691,9432,1714,857,857,873,444,429
2013,113,Dallas County,11,11 yrs,37046,18906,18140,6588,3387,3201,8378,4249,4129,19665,10053,9612,1620,810,810,795,407,388
2013,113,Dallas County,12,12 yrs,36994,18978,18016,6745,3528,3217,8220,4225,3995,19499,9953,9546,1730,886,844,800,386,414
2013,113,Dallas County,13,13 yrs,36384,18540,17844,6750,3449,3301,8428,4214,4214,18839,9683,9156,1583,782,801,784,412,372
2013,113,Dallas County,14,14 yrs,35098,17818,17280,6781,3487,3294,8102,4088,4014,17942,9099,8843,1486,767,719,787,377,410
2013,113,Dallas County,15,15 yrs,34515,17640,16875,6844,3526,3318,8140,4166,3974,17293,8809,8484,1439,741,698,799,398,401
2013,113,Dallas County,16,16 yrs,35321,17935,17386,7576,3876,3700,8300,4138,4162,17148,8787,8361,1556,764,792,741,370,371
2013,113,Dallas County,17,17 yrs,35670,18032,17638,7844,3958,3886,8301,4238,4063,17098,8602,8496,1673,844,829,754,390,364
2013,113,Dallas County,18,18 yrs,35232,18101,17131,7925,4100,3825,8334,4235,4099,16539,8522,8017,1659,865,794,775,379,396
2013,113,Dallas County,19,19 yrs,32934,16830,16104,7252,3709,3543,7880,3996,3884,15486,7987,7499,1615,797,818,701,341,360
2013,113,Dallas County,20,20 yrs,33695,17142,16553,7355,3756,3599,8371,4191,4180,15771,8113,7658,1480,761,719,718,321,397
2013,113,Dallas County,21,21 yrs,33950,17290,16660,7858,3969,3889,8355,4215,4140,15480,7993,7487,1606,807,799,651,306,345
2013,113,Dallas County,22,22 yrs,35168,17742,17426,8355,4214,4141,8667,4231,4436,15705,8052,7653,1726,889,837,715,356,359
2013,113,Dallas County,23,23 yrs,36672,18575,18097,9497,4835,4662,8801,4189,4612,15586,8173,7413,2053,1025,1028,735,353,382
2013,113,Dallas County,24,24 yrs,37111,18697,18414,10017,4876,5141,8547,4048,4499,15544,8328,7216,2308,1136,1172,695,309,386
2013,113,Dallas County,25,25 yrs,39485,19846,19639,11595,5616,5979,8498,3945,4553,16180,8635,7545,2464,1322,1142,748,328,420
2013,113,Dallas County,26,26 yrs,40238,20008,20230,12342,5915,6427,8339,3850,4489,16296,8712,7584,2518,1237,1281,743,294,449
2013,113,Dallas County,27,27 yrs,40994,20246,20748,12829,6192,6637,8426,3742,4684,16225,8591,7634,2745,1356,1389,769,365,404
2013,113,Dallas County,28,28 yrs,39929,20029,19900,12496,6113,6383,8104,3672,4432,15957,8491,7466,2667,1442,1225,705,311,394
2013,113,Dallas County,29,29 yrs,39618,19743,19875,11997,6066,5931,8018,3587,4431,15839,8345,7494,3060,1417,1643,704,328,376
2013,113,Dallas County,30,30 yrs,41253,20509,20744,12218,6222,5996,8388,3682,4706,16678,8737,7941,3172,1513,1659,797,355,442
2013,113,Dallas County,31,31 yrs,40404,20315,20089,11747,5970,5777,8237,3650,4587,16540,8791,7749,3102,1547,1555,778,357,421
2013,113,Dallas County,32,32 yrs,40314,20087,20227,11425,5796,5629,8449,3712,4737,16854,8889,7965,2953,1389,1564,633,301,332
2013,113,Dallas County,33,33 yrs,40297,20260,20037,10820,5585,5235,8534,3737,4797,17180,9056,8124,3040,1532,1508,723,350,373
2013,113,Dallas County,34,34 yrs,36978,18630,18348,9848,5077,4771,8010,3542,4468,15776,8330,7446,2735,1382,1353,609,299,310
2013,113,Dallas County,35,35 yrs,36863,18477,18386,9604,4920,4684,7777,3385,4392,16298,8595,7703,2614,1332,1282,570,245,325
2013,113,Dallas County,36,36 yrs,36151,17928,18223,9385,4884,4501,7750,3362,4388,15917,8149,7768,2530,1265,1265,569,268,301
2013,113,Dallas County,37,37 yrs,35875,17619,18256,9143,4695,4448,7524,3209,4315,15920,8096,7824,2740,1349,1391,548,270,278
2013,113,Dallas County,38,38 yrs,36559,18260,18299,9409,4861,4548,7634,3339,4295,16322,8436,7886,2647,1361,1286,547,263,284
2013,113,Dallas County,39,39 yrs,34412,16903,17509,8957,4573,4384,7520,3226,4294,14975,7595,7380,2508,1287,1221,452,222,230
2013,113,Dallas County,40,40 yrs,34791,17368,17423,9266,4841,4425,7806,3439,4367,14756,7592,7164,2415,1226,1189,548,270,278
2013,113,Dallas County,41,41 yrs,35249,17522,17727,9855,5067,4788,8043,3557,4486,14507,7421,7086,2353,1236,1117,491,241,250
2013,113,Dallas County,42,42 yrs,35841,17696,18145,10773,5572,5201,8311,3612,4699,13909,7052,6857,2316,1217,1099,532,243,289
2013,113,Dallas County,43,43 yrs,35728,17779,17949,10840,5589,5251,8055,3525,4530,14140,7329,6811,2180,1086,1094,513,250,263
2013,113,Dallas County,44,44 yrs,32875,16660,16215,10199,5258,4941,7420,3377,4043,12754,6733,6021,2050,1075,975,452,217,235
2013,113,Dallas County,45,45 yrs,32495,16261,16234,9999,5110,4889,7671,3430,4241,12457,6514,5943,1891,985,906,477,222,255
2013,113,Dallas County,46,46 yrs,31582,15846,15736,10078,5214,4864,7485,3345,4140,11918,6282,5636,1697,812,885,404,193,211
2013,113,Dallas County,47,47 yrs,31949,16005,15944,10310,5278,5032,7895,3508,4387,11629,6165,5464,1683,849,834,432,205,227
2013,113,Dallas County,48,48 yrs,33601,16971,16630,11631,6038,5593,8385,3762,4623,11394,6096,5298,1695,852,843,496,223,273
2013,113,Dallas County,49,49 yrs,32942,16543,16399,12238,6185,6053,8045,3587,4458,10488,5682,4806,1702,857,845,469,232,237
2013,113,Dallas County,50,50 yrs,32994,16317,16677,12974,6572,6402,7955,3525,4430,9939,5194,4745,1647,802,845,479,224,255
2013,113,Dallas County,51,51 yrs,32330,15990,16340,13332,6630,6702,7847,3567,4280,9253,4880,4373,1489,723,766,409,190,219
2013,113,Dallas County,52,52 yrs,32533,16189,16344,13445,6741,6704,7920,3589,4331,9160,4867,4293,1553,783,770,455,209,246
2013,113,Dallas County,53,53 yrs,32337,16108,16229,13665,6804,6861,7877,3623,4254,8776,4706,4070,1566,743,823,453,232,221
2013,113,Dallas County,54,54 yrs,30515,14996,15519,13388,6709,6679,7375,3316,4059,7907,4117,3790,1448,664,784,397,190,207
2013,113,Dallas County,55,55 yrs,30275,14862,15413,13680,6817,6863,7278,3310,3968,7364,3800,3564,1513,711,802,440,224,216
2013,113,Dallas County,56,56 yrs,29288,14168,15120,13353,6538,6815,7025,3118,3907,6985,3596,3389,1528,728,800,397,188,209
2013,113,Dallas County,57,57 yrs,28211,13788,14423,13203,6598,6605,6619,2972,3647,6588,3374,3214,1411,646,765,390,198,192
2013,113,Dallas County,58,58 yrs,27165,13181,13984,13114,6445,6669,6250,2788,3462,6104,3150,2954,1345,639,706,352,159,193
2013,113,Dallas County,59,59 yrs,24785,11732,13053,12292,5854,6438,5529,2435,3094,5341,2690,2651,1291,593,698,332,160,172
2013,113,Dallas County,60,60 yrs,24393,11593,12800,12267,5934,6333,5375,2351,3024,5031,2533,2498,1376,623,753,344,152,192
2013,113,Dallas County,61,61 yrs,22706,10578,12128,11494,5463,6031,5157,2165,2992,4566,2247,2319,1170,549,621,319,154,165
2013,113,Dallas County,62,62 yrs,21815,10259,11556,10766,5173,5593,5083,2131,2952,4405,2232,2173,1273,582,691,288,141,147
2013,113,Dallas County,63,63 yrs,20648,9599,11049,10501,4972,5529,4676,1980,2696,3935,1936,1999,1250,585,665,286,126,160
2013,113,Dallas County,64,64 yrs,19756,9230,10526,10200,4827,5373,4526,1935,2591,3676,1841,1835,1093,516,577,261,111,150
2013,113,Dallas County,65,65 yrs,19592,9039,10553,10691,5015,5676,4309,1861,2448,3346,1578,1768,985,457,528,261,128,133
2013,113,Dallas County,66,66 yrs,18627,8618,10009,10719,5091,5628,3701,1572,2129,3068,1430,1638,881,419,462,258,106,152
2013,113,Dallas County,67,67 yrs,14526,6671,7855,7703,3584,4119,3150,1337,1813,2737,1305,1432,753,350,403,183,95,88
2013,113,Dallas County,68,68 yrs,14472,6529,7943,7829,3570,4259,3191,1291,1900,2467,1201,1266,770,375,395,215,92,123
2013,113,Dallas County,69,69 yrs,13745,6311,7434,7707,3651,4056,2815,1189,1626,2349,1063,1286,687,324,363,187,84,103
2013,113,Dallas County,70,70 yrs,12974,5828,7146,7469,3400,4069,2697,1121,1576,2008,913,1095,664,324,340,136,70,66
2013,113,Dallas County,71,71 yrs,11338,5012,6326,6510,2921,3589,2392,980,1412,1772,816,956,528,230,298,136,65,71
2013,113,Dallas County,72,72 yrs,10875,4772,6103,6227,2794,3433,2269,879,1390,1760,812,948,510,235,275,109,52,57
2013,113,Dallas County,73,73 yrs,9966,4334,5632,5754,2544,3210,2012,806,1206,1616,717,899,479,225,254,105,42,63
2013,113,Dallas County,74,74 yrs,9349,4089,5260,5566,2489,3077,1822,729,1093,1428,623,805,440,212,228,93,36,57
2013,113,Dallas County,75,75 yrs,8699,3802,4897,5226,2321,2905,1655,663,992,1334,589,745,404,194,210,80,35,45
2013,113,Dallas County,76,76 yrs,8035,3398,4637,4821,2067,2754,1557,601,956,1185,518,667,399,182,217,73,30,43
2013,113,Dallas County,77,77 yrs,7707,3243,4464,4748,2055,2693,1422,512,910,1111,489,622,344,161,183,82,26,56
2013,113,Dallas County,78,78 yrs,7483,3032,4451,4717,1903,2814,1369,548,821,1037,424,613,292,135,157,68,22,46
2013,113,Dallas County,79,79 yrs,6819,2807,4012,4349,1803,2546,1263,470,793,914,402,512,243,111,132,50,21,29
2013,113,Dallas County,80,80 yrs,6374,2527,3847,4160,1692,2468,1165,390,775,775,321,454,220,105,115,54,19,35
2013,113,Dallas County,81,81 yrs,6031,2413,3618,4108,1676,2432,918,317,601,740,318,422,218,85,133,47,17,30
2013,113,Dallas County,82,82 yrs,5796,2236,3560,3933,1549,2384,910,300,610,720,293,427,186,81,105,47,13,34
2013,113,Dallas County,83,83 yrs,5567,2083,3484,3766,1451,2315,904,266,638,675,282,393,182,72,110,40,12,28
2013,113,Dallas County,84,84 yrs,5001,1838,3163,3513,1350,2163,791,225,566,512,190,322,151,62,89,34,11,23
2013,113,Dallas County,85,85 yrs,4356,1563,2793,3085,1117,1968,631,204,427,476,174,302,124,57,67,40,11,29
2013,113,Dallas County,86,86 yrs,4018,1465,2553,2901,1073,1828,556,159,397,448,190,258,85,30,55,28,13,15
2013,113,Dallas County,87,87 yrs,3725,1296,2429,2711,988,1723,538,153,385,359,111,248,94,36,58,23,8,15
2013,113,Dallas County,88,88 yrs,3255,1039,2216,2440,772,1668,416,112,304,305,114,191,76,33,43,18,8,10
2013,113,Dallas County,89,89 yrs,2768,859,1909,2055,648,1407,354,79,275,265,101,164,73,24,49,21,7,14
2013,113,Dallas County,90,90 yrs,2335,744,1591,1762,559,1203,306,78,228,188,79,109,60,22,38,19,6,13
2013,113,Dallas County,91,91 yrs,1922,596,1326,1484,472,1012,234,58,176,163,51,112,33,15,18,8,0,8
2013,113,Dallas County,92,92 yrs,1571,450,1121,1183,349,834,202,41,161,142,45,97,30,10,20,14,5,9
2013,113,Dallas County,93,93 yrs,1155,330,825,869,252,617,161,38,123,90,28,62,25,8,17,10,4,6
2013,113,Dallas County,94,94 yrs,838,212,626,641,151,490,114,27,87,65,27,38,13,4,9,5,3,2
2013,113,Dallas County,95,95+ yrs,2072,460,1612,1483,312,1171,377,77,300,154,55,99,45,13,32,13,3,10
2014,113,Dallas County,-1,All Ages,2514350,1239488,1274862,785489,384942,400547,558501,257868,300633,979865,502934,476931,143790,71356,72434,46705,22388,24317
2014,113,Dallas County,0,< 1 yr,40442,20609,19833,9324,4755,4569,8327,4242,4085,19224,9804,9420,2209,1120,1089,1358,688,670
2014,113,Dallas County,1,1 yr,39919,20343,19576,9202,4691,4511,8180,4165,4015,19045,9702,9343,2181,1116,1065,1311,669,642
2014,113,Dallas County,2,2 yrs,39620,20151,19469,9119,4648,4471,8105,4113,3992,18966,9654,9312,2157,1093,1064,1273,643,630
2014,113,Dallas County,3,3 yrs,39326,20018,19308,9035,4604,4431,8025,4077,3948,18908,9622,9286,2122,1083,1039,1236,632,604
2014,113,Dallas County,4,4 yrs,38425,19561,18864,6851,3543,3308,8055,4117,3938,20424,10297,10127,1944,1018,926,1151,586,565
2014,113,Dallas County,5,5 yrs,38793,19727,19066,6747,3428,3319,8284,4171,4113,20671,10575,10096,1961,999,962,1130,554,576
2014,113,Dallas County,6,6 yrs,39904,20436,19468,6868,3474,3394,8541,4403,4138,21332,10961,10371,1987,1002,985,1176,596,580
2014,113,Dallas County,7,7 yrs,39542,20257,19285,6792,3530,3262,8618,4442,4176,21192,10842,10350,1903,948,955,1037,495,542
2014,113,Dallas County,8,8 yrs,38810,19709,19101,6647,3426,3221,8623,4369,4254,20628,10448,10180,1878,953,925,1034,513,521
2014,113,Dallas County,9,9 yrs,37957,19267,18690,6664,3427,3237,8424,4277,4147,20136,10185,9951,1821,927,894,912,451,461
2014,113,Dallas County,10,10 yrs,37178,18861,18317,6580,3369,3211,8378,4194,4184,19503,9894,9609,1799,947,852,918,457,461
2014,113,Dallas County,11,11 yrs,36486,18534,17952,6427,3323,3104,8189,4123,4066,19223,9756,9467,1776,889,887,871,443,428
2014,113,Dallas County,12,12 yrs,37155,18969,18186,6553,3362,3191,8362,4242,4120,19768,10119,9649,1679,840,839,793,406,387
2014,113,Dallas County,13,13 yrs,37099,19037,18062,6708,3502,3206,8203,4216,3987,19600,10018,9582,1791,917,874,797,384,413
2014,113,Dallas County,14,14 yrs,36479,18595,17884,6712,3423,3289,8407,4204,4203,18938,9747,9191,1639,810,829,783,411,372
2014,113,Dallas County,15,15 yrs,35150,17856,17294,6762,3483,3279,8062,4064,3998,18007,9140,8867,1535,793,742,784,376,408
2014,113,Dallas County,16,16 yrs,35423,18061,17362,7171,3681,3490,8235,4207,4028,17611,8950,8661,1601,824,777,805,399,406
2014,113,Dallas County,17,17 yrs,35927,18172,17755,7843,3986,3857,8270,4106,4164,17382,8884,8498,1705,836,869,727,360,367
2014,113,Dallas County,18,18 yrs,34713,17600,17113,7580,3867,3713,7861,4047,3814,16817,8443,8374,1709,863,846,746,380,366
2014,113,Dallas County,19,19 yrs,33533,17213,16320,7316,3746,3570,7927,4041,3886,15861,8184,7677,1662,870,792,767,372,395
2014,113,Dallas County,20,20 yrs,34035,17286,16749,7544,3850,3694,8056,4060,3996,15903,8139,7764,1807,894,913,725,343,382
2014,113,Dallas County,21,21 yrs,34889,17627,17262,7713,3931,3782,8856,4390,4466,15902,8126,7776,1657,839,818,761,341,420
2014,113,Dallas County,22,22 yrs,35530,17943,17587,8431,4244,4187,8909,4462,4447,15651,8001,7650,1837,900,937,702,336,366
2014,113,Dallas County,23,23 yrs,37250,18665,18585,9318,4678,4640,9202,4460,4742,15923,8111,7812,2038,1040,998,769,376,393
2014,113,Dallas County,24,24 yrs,38538,19455,19083,10284,5255,5029,9271,4388,4883,15866,8279,7587,2318,1151,1167,799,382,417
2014,113,Dallas County,25,25 yrs,38940,19478,19462,10825,5275,5550,9059,4253,4806,15715,8377,7338,2602,1248,1354,739,325,414
2014,113,Dallas County,26,26 yrs,40067,20153,19914,11750,5728,6022,8771,4071,4700,16142,8575,7567,2630,1443,1187,774,336,438
2014,113,Dallas County,27,27 yrs,40494,20092,20402,12281,5928,6353,8586,3944,4642,16195,8610,7585,2669,1307,1362,763,303,460
2014,113,Dallas County,28,28 yrs,41440,20504,20936,12928,6303,6625,8643,3852,4791,16143,8511,7632,2939,1465,1474,787,373,414
2014,113,Dallas County,29,29 yrs,40064,20021,20043,12357,6047,6310,8321,3753,4568,15827,8374,7453,2845,1538,1307,714,309,405
2014,113,Dallas County,30,30 yrs,39864,19821,20043,11988,6097,5891,8211,3660,4551,15741,8257,7484,3192,1463,1729,732,344,388
2014,113,Dallas County,31,31 yrs,41427,20585,20842,12115,6169,5946,8562,3761,4801,16596,8668,7928,3349,1628,1721,805,359,446
2014,113,Dallas County,32,32 yrs,40337,20243,20094,11595,5899,5696,8359,3715,4644,16418,8690,7728,3193,1585,1608,772,354,418
2014,113,Dallas County,33,33 yrs,40263,20024,20239,11277,5727,5550,8583,3775,4808,16701,8765,7936,3060,1451,1609,642,306,336
2014,113,Dallas County,34,34 yrs,40155,20156,19999,10661,5499,5162,8651,3801,4850,17003,8931,8072,3118,1572,1546,722,353,369
2014,113,Dallas County,35,35 yrs,36886,18548,18338,9699,5002,4697,8124,3598,4526,15654,8239,7415,2804,1414,1390,605,295,310
2014,113,Dallas County,36,36 yrs,36760,18390,18370,9491,4855,4636,7823,3403,4420,16208,8526,7682,2661,1355,1306,577,251,326
2014,113,Dallas County,37,37 yrs,36061,17834,18227,9276,4822,4454,7798,3379,4419,15840,8080,7760,2577,1286,1291,570,267,303
2014,113,Dallas County,38,38 yrs,35755,17507,18248,9032,4631,4401,7559,3217,4342,15825,8017,7808,2791,1371,1420,548,271,277
2014,113,Dallas County,39,39 yrs,36427,18164,18263,9296,4800,4496,7659,3346,4313,16228,8370,7858,2696,1382,1314,548,266,282
2014,113,Dallas County,40,40 yrs,34324,16833,17491,8846,4516,4330,7570,3252,4318,14903,7533,7370,2554,1309,1245,451,223,228
2014,113,Dallas County,41,41 yrs,34821,17354,17467,9217,4808,4409,7812,3436,4376,14782,7593,7189,2461,1248,1213,549,269,280
2014,113,Dallas County,42,42 yrs,35244,17492,17752,9788,5022,4766,8029,3546,4483,14533,7423,7110,2399,1258,1141,495,243,252
2014,113,Dallas County,43,43 yrs,35805,17645,18160,10702,5524,5178,8300,3605,4695,13915,7039,6876,2360,1238,1122,528,239,289
2014,113,Dallas County,44,44 yrs,35690,17723,17967,10763,5539,5224,8037,3509,4528,14162,7326,6836,2219,1102,1117,509,247,262
2014,113,Dallas County,45,45 yrs,32856,16638,16218,10121,5216,4905,7420,3378,4042,12770,6730,6040,2094,1098,996,451,216,235
2014,113,Dallas County,46,46 yrs,32504,16240,16264,9951,5080,4871,7649,3416,4233,12500,6523,5977,1927,999,928,477,222,255
2014,113,Dallas County,47,47 yrs,31608,15835,15773,10029,5183,4846,7493,3353,4140,11955,6284,5671,1732,825,907,399,190,209
2014,113,Dallas County,48,48 yrs,31956,15994,15962,10259,5247,5012,7874,3501,4373,11673,6178,5495,1718,863,855,432,205,227
2014,113,Dallas County,49,49 yrs,33562,16922,16640,11564,5996,5568,8351,3743,4608,11428,6100,5328,1728,864,864,491,219,272
2014,113,Dallas County,50,50 yrs,32932,16537,16395,12169,6149,6020,8029,3586,4443,10534,5700,4834,1734,870,864,466,232,234
2014,113,Dallas County,51,51 yrs,32866,16245,16621,12843,6504,6339,7912,3498,4414,9960,5201,4759,1676,816,860,475,226,249
2014,113,Dallas County,52,52 yrs,32169,15893,16276,13188,6554,6634,7805,3542,4263,9259,4874,4385,1513,733,780,404,190,214
2014,113,Dallas County,53,53 yrs,32352,16076,16276,13294,6661,6633,7864,3551,4313,9166,4861,4305,1580,796,784,448,207,241
2014,113,Dallas County,54,54 yrs,32156,15996,16160,13510,6719,6791,7827,3591,4236,8777,4698,4079,1592,755,837,450,233,217
2014,113,Dallas County,55,55 yrs,30461,14933,15528,13290,6639,6651,7355,3295,4060,7942,4131,3811,1475,675,800,399,193,206
2014,113,Dallas County,56,56 yrs,30064,14721,15343,13505,6720,6785,7226,3276,3950,7366,3788,3578,1536,718,818,431,219,212
2014,113,Dallas County,57,57 yrs,29061,14020,15041,13173,6440,6733,6963,3077,3886,6984,3583,3401,1552,736,816,389,184,205
2014,113,Dallas County,58,58 yrs,27981,13637,14344,13018,6494,6524,6557,2930,3627,6588,3365,3223,1435,654,781,383,194,189
2014,113,Dallas County,59,59 yrs,26926,13027,13899,12927,6341,6586,6188,2747,3441,6099,3137,2962,1366,646,720,346,156,190
2014,113,Dallas County,60,60 yrs,24570,11603,12967,12118,5763,6355,5474,2402,3072,5339,2681,2658,1313,600,713,326,157,169
2014,113,Dallas County,61,61 yrs,23973,11351,12622,11968,5771,6197,5282,2293,2989,4986,2505,2481,1398,634,764,339,148,191
2014,113,Dallas County,62,62 yrs,22289,10344,11945,11204,5308,5896,5061,2108,2953,4519,2217,2302,1190,560,630,315,151,164
2014,113,Dallas County,63,63 yrs,21402,10024,11378,10484,5021,5463,4985,2074,2911,4359,2202,2157,1291,591,700,283,136,147
2014,113,Dallas County,64,64 yrs,20238,9374,10864,10217,4821,5396,4579,1926,2653,3889,1907,1982,1270,596,674,283,124,159
2014,113,Dallas County,65,65 yrs,19360,9020,10340,9914,4676,5238,4440,1890,2550,3638,1819,1819,1109,525,584,259,110,149
2014,113,Dallas County,66,66 yrs,19147,8792,10355,10408,4859,5549,4227,1814,2413,3289,1544,1745,974,453,521,249,122,127
2014,113,Dallas County,67,67 yrs,18171,8363,9808,10420,4925,5495,3625,1530,2095,3012,1394,1618,868,413,455,246,101,145
2014,113,Dallas County,68,68 yrs,14159,6468,7691,7479,3462,4017,3082,1300,1782,2685,1272,1413,739,344,395,174,90,84
2014,113,Dallas County,69,69 yrs,14084,6316,7768,7591,3442,4149,3120,1252,1868,2415,1167,1248,755,368,387,203,87,116
2014,113,Dallas County,70,70 yrs,13355,6095,7260,7460,3513,3947,2746,1153,1593,2299,1033,1266,673,317,356,177,79,98
2014,113,Dallas County,71,71 yrs,12654,5641,7013,7269,3286,3983,2632,1084,1548,1968,887,1081,658,320,338,127,64,63
2014,113,Dallas County,72,72 yrs,11038,4838,6200,6325,2817,3508,2329,944,1385,1736,792,944,521,226,295,127,59,68
2014,113,Dallas County,73,73 yrs,10565,4597,5968,6041,2691,3350,2200,843,1357,1721,786,935,501,229,272,102,48,54
2014,113,Dallas County,74,74 yrs,9661,4161,5500,5566,2440,3126,1950,772,1178,1577,692,885,470,219,251,98,38,60
2014,113,Dallas County,75,75 yrs,9037,3915,5122,5370,2381,2989,1760,695,1065,1390,600,790,430,206,224,87,33,54
2014,113,Dallas County,76,76 yrs,8388,3637,4751,5033,2220,2813,1585,627,958,1300,568,732,397,191,206,73,31,42
2014,113,Dallas County,77,77 yrs,7719,3235,4484,4627,1968,2659,1484,564,920,1152,499,653,390,178,212,66,26,40
2014,113,Dallas County,78,78 yrs,7375,3073,4302,4539,1947,2592,1354,480,874,1075,467,608,333,157,176,74,22,52
2014,113,Dallas County,79,79 yrs,7133,2860,4273,4495,1797,2698,1296,512,784,999,403,596,283,130,153,60,18,42
2014,113,Dallas County,80,80 yrs,6463,2632,3831,4120,1691,2429,1189,435,754,875,380,495,235,108,127,44,18,26
2014,113,Dallas County,81,81 yrs,6062,2374,3688,3953,1590,2363,1104,361,743,747,306,441,211,101,110,47,16,31
2014,113,Dallas County,82,82 yrs,5702,2252,3450,3877,1562,2315,865,291,574,711,303,408,208,81,127,41,15,26
2014,113,Dallas County,83,83 yrs,5444,2069,3375,3687,1432,2255,853,274,579,686,276,410,177,76,101,41,11,30
2014,113,Dallas County,84,84 yrs,5195,1912,3283,3506,1331,2175,843,241,602,639,263,376,172,67,105,35,10,25
2014,113,Dallas County,85,85 yrs,4627,1670,2957,3243,1226,2017,733,202,531,481,176,305,141,57,84,29,9,20
2014,113,Dallas County,86,86 yrs,3988,1407,2581,2819,1002,1817,573,182,391,444,160,284,116,53,63,36,10,26
2014,113,Dallas County,87,87 yrs,3635,1299,2336,2619,950,1669,500,139,361,412,172,240,80,28,52,24,10,14
2014,113,Dallas County,88,88 yrs,3326,1131,2195,2413,861,1552,480,131,349,328,100,228,85,32,53,20,7,13
2014,113,Dallas County,89,89 yrs,2867,893,1974,2141,661,1480,369,96,273,275,101,174,68,29,39,14,6,8
2014,113,Dallas County,90,90 yrs,2403,727,1676,1777,546,1231,308,65,243,235,88,147,66,22,44,17,6,11
2014,113,Dallas County,91,91 yrs,1985,615,1370,1490,459,1031,261,63,198,164,68,96,54,20,34,16,5,11
2014,113,Dallas County,92,92 yrs,1603,481,1122,1229,379,850,198,46,152,140,43,97,29,13,16,7,0,7
2014,113,Dallas County,93,93 yrs,1281,355,926,958,272,686,168,34,134,120,38,82,25,8,17,10,3,7
2014,113,Dallas County,94,94 yrs,914,250,664,683,190,493,128,28,100,75,23,52,21,7,14,7,2,5
2014,113,Dallas County,95,95+ yrs,2136,481,1655,1527,322,1205,378,77,301,172,64,108,46,14,32,13,4,9
2015,113,Dallas County,-1,All Ages,2551029,1256631,1294398,785061,385023,400038,568716,262664,306052,998105,510968,487137,150856,74832,76024,48291,23144,25147
2015,113,Dallas County,0,< 1 yr,40843,20839,20004,9318,4752,4566,8469,4322,4147,19369,9878,9491,2285,1171,1114,1402,716,686
2015,113,Dallas County,1,1 yr,40335,20530,19805,9209,4694,4515,8336,4237,4099,19166,9764,9402,2266,1148,1118,1358,687,671
2015,113,Dallas County,2,2 yrs,40054,20400,19654,9136,4657,4479,8278,4210,4068,19077,9712,9365,2242,1147,1095,1321,674,647
2015,113,Dallas County,3,3 yrs,39757,20210,19547,9053,4615,4438,8203,4158,4045,19001,9666,9335,2216,1122,1094,1284,649,635
2015,113,Dallas County,4,4 yrs,39459,20074,19385,8969,4571,4398,8121,4121,4000,18942,9633,9309,2180,1111,1069,1247,638,609
2015,113,Dallas County,5,5 yrs,38568,19620,18948,6797,3515,3282,8157,4163,3994,20458,10307,10151,1994,1043,951,1162,592,570
2015,113,Dallas County,6,6 yrs,38916,19759,19157,6714,3408,3306,8378,4218,4160,20674,10555,10119,2007,1020,987,1143,558,585
2015,113,Dallas County,7,7 yrs,40027,20469,19558,6835,3454,3381,8634,4451,4183,21336,10941,10395,2033,1023,1010,1189,600,589
2015,113,Dallas County,8,8 yrs,39662,20288,19374,6758,3509,3249,8715,4491,4224,21196,10823,10373,1946,967,979,1047,498,549
2015,113,Dallas County,9,9 yrs,38929,19739,19190,6614,3405,3209,8717,4416,4301,20633,10429,10204,1921,973,948,1044,516,528
2015,113,Dallas County,10,10 yrs,38070,19294,18776,6628,3405,3223,8516,4323,4193,20141,10166,9975,1864,947,917,921,453,468
2015,113,Dallas County,11,11 yrs,37292,18928,18364,6547,3346,3201,8365,4188,4177,19601,9957,9644,1864,982,882,915,455,460
2015,113,Dallas County,12,12 yrs,36594,18596,17998,6393,3299,3094,8174,4116,4058,19320,9819,9501,1839,921,918,868,441,427
2015,113,Dallas County,13,13 yrs,37253,19027,18226,6516,3337,3179,8344,4234,4110,19866,10183,9683,1737,869,868,790,404,386
2015,113,Dallas County,14,14 yrs,37197,19094,18103,6669,3476,3193,8180,4204,3976,19699,10082,9617,1854,949,905,795,383,412
2015,113,Dallas County,15,15 yrs,36535,18634,17901,6692,3420,3272,8365,4178,4187,19004,9789,9215,1693,837,856,781,410,371
2015,113,Dallas County,16,16 yrs,36070,18281,17789,7083,3634,3449,8152,4103,4049,18334,9283,9051,1709,884,825,792,377,415
2015,113,Dallas County,17,17 yrs,36008,18292,17716,7418,3782,3636,8200,4172,4028,17844,9047,8797,1755,902,853,791,389,402
2015,113,Dallas County,18,18 yrs,34951,17729,17222,7568,3889,3679,7827,3917,3910,17090,8717,8373,1745,854,891,721,352,369
2015,113,Dallas County,19,19 yrs,33038,16740,16298,6991,3531,3460,7462,3856,3606,16128,8107,8021,1718,872,846,739,374,365
2015,113,Dallas County,20,20 yrs,34638,17678,16960,7602,3885,3717,8103,4105,3998,16284,8339,7945,1856,974,882,793,375,418
2015,113,Dallas County,21,21 yrs,35270,17785,17485,7913,4030,3883,8530,4253,4277,16034,8151,7883,2022,985,1037,771,366,405
2015,113,Dallas County,22,22 yrs,36467,18278,18189,8266,4202,4064,9427,4641,4786,16071,8131,7940,1885,932,953,818,372,446
2015,113,Dallas County,23,23 yrs,37508,18814,18694,9326,4677,4649,9437,4692,4745,15846,8050,7796,2144,1040,1104,755,355,400
2015,113,Dallas County,24,24 yrs,39136,19549,19587,10098,5089,5009,9690,4669,5021,16209,8214,7995,2305,1171,1134,834,406,428
2015,113,Dallas County,25,25 yrs,40418,20276,20142,11099,5675,5424,9823,4611,5212,16035,8323,7712,2612,1265,1347,849,402,447
2015,113,Dallas County,26,26 yrs,39516,19767,19749,10968,5377,5591,9347,4387,4960,15673,8316,7357,2764,1355,1409,764,332,432
2015,113,Dallas County,27,27 yrs,40351,20256,20095,11699,5743,5956,9029,4168,4861,16041,8474,7567,2788,1526,1262,794,345,449
2015,113,Dallas County,28,28 yrs,40930,20341,20589,12379,6036,6343,8807,4059,4748,16108,8526,7582,2856,1411,1445,780,309,471
2015,113,Dallas County,29,29 yrs,41591,20492,21099,12782,6234,6548,8876,3937,4939,16005,8389,7616,3130,1559,1571,798,373,425
2015,113,Dallas County,30,30 yrs,40291,20101,20190,12341,6074,6267,8522,3829,4693,15725,8285,7440,2962,1589,1373,741,324,417
2015,113,Dallas County,31,31 yrs,40040,19896,20144,11890,6047,5843,8383,3739,4644,15663,8190,7473,3364,1572,1792,740,348,392
2015,113,Dallas County,32,32 yrs,41363,20512,20851,11958,6095,5863,8688,3828,4860,16470,8566,7904,3448,1668,1780,799,355,444
2015,113,Dallas County,33,33 yrs,40289,20186,20103,11444,5829,5615,8494,3779,4715,16264,8566,7698,3305,1653,1652,782,359,423
2015,113,Dallas County,34,34 yrs,40118,19919,20199,11113,5640,5473,8700,3840,4860,16526,8642,7884,3138,1488,1650,641,309,332
2015,113,Dallas County,35,35 yrs,40053,20065,19988,10498,5417,5081,8772,3858,4914,16867,8831,8036,3198,1610,1588,718,349,369
2015,113,Dallas County,36,36 yrs,36791,18466,18325,9585,4937,4648,8173,3618,4555,15565,8171,7394,2856,1438,1418,612,302,310
2015,113,Dallas County,37,37 yrs,36666,18296,18370,9382,4794,4588,7869,3420,4449,16127,8454,7673,2711,1378,1333,577,250,327
2015,113,Dallas County,38,38 yrs,35933,17719,18214,9162,4757,4405,7835,3388,4447,15743,8001,7742,2623,1305,1318,570,268,302
2015,113,Dallas County,39,39 yrs,35632,17414,18218,8923,4572,4351,7582,3222,4360,15733,7953,7780,2844,1393,1451,550,274,276
2015,113,Dallas County,40,40 yrs,36329,18084,18245,9181,4740,4441,7710,3372,4338,16145,8299,7846,2746,1406,1340,547,267,280
2015,113,Dallas County,41,41 yrs,34359,16824,17535,8799,4485,4314,7576,3249,4327,14929,7535,7394,2605,1334,1271,450,221,229
2015,113,Dallas County,42,42 yrs,34819,17324,17495,9154,4765,4389,7797,3424,4373,14808,7595,7213,2508,1270,1238,552,270,282
2015,113,Dallas County,43,43 yrs,35216,17445,17771,9724,4979,4745,8017,3539,4478,14539,7409,7130,2444,1279,1165,492,239,253
2015,113,Dallas County,44,44 yrs,35770,17594,18176,10625,5475,5150,8282,3590,4692,13936,7035,6901,2402,1257,1145,525,237,288
2015,113,Dallas County,45,45 yrs,35663,17694,17969,10680,5494,5186,8031,3507,4524,14179,7322,6857,2265,1125,1140,508,246,262
2015,113,Dallas County,46,46 yrs,32869,16619,16250,10073,5187,4886,7398,3364,4034,12813,6739,6074,2134,1114,1020,451,215,236
2015,113,Dallas County,47,47 yrs,32531,16230,16301,9902,5050,4852,7655,3423,4232,12536,6524,6012,1966,1014,952,472,219,253
2015,113,Dallas County,48,48 yrs,31618,15824,15794,9980,5153,4827,7472,3346,4126,11999,6297,5702,1768,838,930,399,190,209
2015,113,Dallas County,49,49 yrs,31924,15951,15973,10200,5209,4991,7841,3484,4357,11706,6181,5525,1750,875,875,427,202,225
2015,113,Dallas County,50,50 yrs,33554,16915,16639,11496,5961,5535,8334,3741,4593,11475,6117,5358,1761,877,884,488,219,269
2015,113,Dallas County,51,51 yrs,32813,16473,16340,12046,6086,5960,7986,3561,4425,10553,5707,4846,1764,885,879,464,234,230
2015,113,Dallas County,52,52 yrs,32705,16149,16556,12704,6430,6274,7864,3470,4394,9964,5194,4770,1703,829,874,470,226,244
2015,113,Dallas County,53,53 yrs,31989,15781,16208,13041,6477,6564,7748,3504,4244,9265,4868,4397,1537,744,793,398,188,210
2015,113,Dallas County,54,54 yrs,32172,15966,16206,13141,6577,6564,7813,3520,4293,9168,4853,4315,1606,808,798,444,208,236
2015,113,Dallas County,55,55 yrs,32096,15931,16165,13410,6650,6760,7801,3566,4235,8811,4711,4100,1622,767,855,452,237,215
2015,113,Dallas County,56,56 yrs,30253,14793,15460,13118,6544,6574,7304,3261,4043,7942,4117,3825,1499,683,816,390,188,202
2015,113,Dallas County,57,57 yrs,29836,14566,15270,13323,6618,6705,7162,3232,3930,7365,3775,3590,1562,726,836,424,215,209
2015,113,Dallas County,58,58 yrs,28828,13870,14958,12987,6338,6649,6898,3034,3864,6984,3574,3410,1578,745,833,381,179,202
2015,113,Dallas County,59,59 yrs,27734,13474,14260,12831,6389,6442,6490,2885,3605,6580,3350,3230,1458,661,797,375,189,186
2015,113,Dallas County,60,60 yrs,26690,12884,13806,12743,6243,6500,6125,2708,3417,6094,3127,2967,1389,654,735,339,152,187
2015,113,Dallas County,61,61 yrs,24147,11361,12786,11821,5604,6217,5380,2343,3037,5291,2651,2640,1334,611,723,321,152,169
2015,113,Dallas County,62,62 yrs,23538,11103,12435,11666,5608,6058,5183,2233,2950,4934,2471,2463,1420,646,774,335,145,190
2015,113,Dallas County,63,63 yrs,21865,10107,11758,10914,5154,5760,4962,2051,2911,4473,2187,2286,1207,569,638,309,146,163
2015,113,Dallas County,64,64 yrs,20985,9793,11192,10203,4871,5332,4883,2017,2866,4308,2169,2139,1311,602,709,280,134,146
2015,113,Dallas County,65,65 yrs,19837,9161,10676,9932,4671,5261,4489,1879,2610,3847,1883,1964,1290,606,684,279,122,157
2015,113,Dallas County,66,66 yrs,18929,8778,10151,9653,4532,5121,4354,1842,2512,3575,1778,1797,1100,521,579,247,105,142
2015,113,Dallas County,67,67 yrs,18687,8538,10149,10119,4702,5417,4142,1767,2375,3229,1506,1723,960,447,513,237,116,121
2015,113,Dallas County,68,68 yrs,17706,8107,9599,10118,4759,5359,3546,1487,2059,2955,1359,1596,853,406,447,234,96,138
2015,113,Dallas County,69,69 yrs,13780,6257,7523,7252,3338,3914,3011,1261,1750,2628,1236,1392,725,337,388,164,85,79
2015,113,Dallas County,70,70 yrs,13692,6105,7587,7351,3313,4038,3047,1215,1832,2362,1134,1228,739,360,379,193,83,110
2015,113,Dallas County,71,71 yrs,13023,5899,7124,7261,3397,3864,2678,1114,1564,2254,1004,1250,665,312,353,165,72,93
2015,113,Dallas County,72,72 yrs,12319,5448,6871,7061,3170,3891,2563,1045,1518,1928,861,1067,649,314,335,118,58,60
2015,113,Dallas County,73,73 yrs,10723,4660,6063,6135,2712,3423,2260,907,1353,1696,766,930,513,221,292,119,54,65
2015,113,Dallas County,74,74 yrs,10245,4415,5830,5846,2582,3264,2133,808,1325,1680,759,921,492,223,269,94,43,51
2015,113,Dallas County,75,75 yrs,9342,3985,5357,5374,2336,3038,1884,737,1147,1534,666,868,459,212,247,91,34,57
2015,113,Dallas County,76,76 yrs,8715,3745,4970,5173,2278,2895,1686,657,1029,1355,579,776,422,202,220,79,29,50
2015,113,Dallas County,77,77 yrs,8059,3464,4595,4831,2115,2716,1511,589,922,1263,546,717,388,187,201,66,27,39
2015,113,Dallas County,78,78 yrs,7388,3065,4323,4424,1865,2559,1412,528,884,1115,477,638,378,173,205,59,22,37
2015,113,Dallas County,79,79 yrs,7030,2901,4129,4324,1839,2485,1282,448,834,1035,444,591,322,151,171,67,19,48
2015,113,Dallas County,80,80 yrs,6764,2682,4082,4260,1686,2574,1220,474,746,957,381,576,274,126,148,53,15,38
2015,113,Dallas County,81,81 yrs,6152,2475,3677,3915,1589,2326,1127,403,724,845,365,480,226,103,123,39,15,24
2015,113,Dallas County,82,82 yrs,5732,2214,3518,3731,1482,2249,1041,332,709,718,291,427,200,95,105,42,14,28
2015,113,Dallas County,83,83 yrs,5358,2085,3273,3636,1445,2191,811,266,545,678,286,392,198,76,122,35,12,23
2015,113,Dallas County,84,84 yrs,5082,1901,3181,3434,1315,2119,796,248,548,650,258,392,166,71,95,36,9,27
2015,113,Dallas County,85,85 yrs,4810,1739,3071,3239,1210,2029,780,215,565,601,244,357,161,62,99,29,8,21
2015,113,Dallas County,86,86 yrs,4237,1504,2733,2965,1102,1863,666,179,487,449,162,287,132,53,79,25,8,17
2015,113,Dallas County,87,87 yrs,3613,1250,2363,2547,888,1659,516,159,357,411,146,265,108,49,59,31,8,23
2015,113,Dallas County,88,88 yrs,3249,1137,2112,2334,829,1505,446,119,327,376,155,221,73,26,47,20,8,12
2015,113,Dallas County,89,89 yrs,2935,976,1959,2116,739,1377,427,113,314,297,89,208,78,29,49,17,6,11
2015,113,Dallas County,90,90 yrs,2491,755,1736,1851,556,1295,322,80,242,244,88,156,62,26,36,12,5,7
2015,113,Dallas County,91,91 yrs,2043,601,1442,1504,449,1055,263,53,210,205,76,129,58,19,39,13,4,9
2015,113,Dallas County,92,92 yrs,1660,500,1160,1236,369,867,223,52,171,142,58,84,47,17,30,12,4,8
2015,113,Dallas County,93,93 yrs,1308,380,928,995,295,700,165,38,127,118,36,82,25,11,14,5,0,5
2015,113,Dallas County,94,94 yrs,1012,270,742,753,205,548,133,26,107,98,30,68,21,7,14,7,2,5
2015,113,Dallas County,95,95+ yrs,2246,526,1720,1593,359,1234,390,78,312,195,68,127,54,17,37,14,4,10
2016,113,Dallas County,-1,All Ages,2587530,1273620,1313910,784287,384911,399376,578963,267485,311478,1016224,518909,497315,158140,78397,79743,49916,23918,25998
2016,113,Dallas County,0,< 1 yr,41218,21003,20215,9290,4738,4552,8594,4378,4216,19533,9960,9573,2357,1195,1162,1444,732,712
2016,113,Dallas County,1,1 yr,40732,20759,19973,9201,4690,4511,8477,4316,4161,19310,9838,9472,2342,1199,1143,1402,716,686
2016,113,Dallas County,2,2 yrs,40471,20588,19883,9141,4659,4482,8436,4283,4153,19197,9774,9423,2328,1179,1149,1369,693,676
2016,113,Dallas County,3,3 yrs,40192,20459,19733,9069,4623,4446,8377,4256,4121,19110,9723,9387,2304,1177,1127,1332,680,652
2016,113,Dallas County,4,4 yrs,39891,20267,19624,8986,4581,4405,8302,4204,4098,19032,9676,9356,2276,1151,1125,1295,655,640
2016,113,Dallas County,5,5 yrs,39592,20130,19462,8903,4537,4366,8219,4166,4053,18973,9643,9330,2239,1140,1099,1258,644,614
2016,113,Dallas County,6,6 yrs,38684,19650,19034,6763,3494,3269,8248,4208,4040,20460,10287,10173,2041,1066,975,1172,595,577
2016,113,Dallas County,7,7 yrs,39036,19792,19244,6681,3388,3293,8471,4264,4207,20675,10535,10140,2054,1043,1011,1155,562,593
2016,113,Dallas County,8,8 yrs,40148,20502,19646,6800,3433,3367,8728,4499,4229,21339,10921,10418,2080,1045,1035,1201,604,597
2016,113,Dallas County,9,9 yrs,39780,20319,19461,6724,3489,3235,8810,4540,4270,21198,10802,10396,1992,988,1004,1056,500,556
2016,113,Dallas County,10,10 yrs,39045,19769,19276,6579,3384,3195,8811,4463,4348,20635,10409,10226,1966,994,972,1054,519,535
2016,113,Dallas County,11,11 yrs,38186,19361,18825,6594,3381,3213,8505,4318,4187,20239,10230,10009,1930,981,949,918,451,467
2016,113,Dallas County,12,12 yrs,37397,18990,18407,6511,3321,3190,8347,4179,4168,19696,10020,9676,1931,1017,914,912,453,459
2016,113,Dallas County,13,13 yrs,36693,18654,18039,6357,3275,3082,8155,4107,4048,19412,9879,9533,1904,954,950,865,439,426
2016,113,Dallas County,14,14 yrs,37346,19082,18264,6477,3311,3166,8321,4223,4098,19962,10245,9717,1798,900,898,788,403,385
2016,113,Dallas County,15,15 yrs,37258,19135,18123,6648,3472,3176,8137,4177,3960,19764,10123,9641,1916,981,935,793,382,411
2016,113,Dallas County,16,16 yrs,37479,19068,18411,7007,3568,3439,8461,4218,4243,19342,9939,9403,1882,932,950,787,411,376
2016,113,Dallas County,17,17 yrs,36659,18516,18143,7322,3731,3591,8114,4069,4045,18575,9381,9194,1870,967,903,778,368,410
2016,113,Dallas County,18,18 yrs,35021,17844,17177,7142,3686,3456,7758,3979,3779,17540,8876,8664,1796,923,873,785,380,405
2016,113,Dallas County,19,19 yrs,33230,16839,16391,6960,3541,3419,7422,3727,3695,16374,8362,8012,1757,862,895,717,347,370
2016,113,Dallas County,20,20 yrs,34110,17180,16930,7257,3659,3598,7625,3916,3709,16549,8254,8295,1916,974,942,763,377,386
2016,113,Dallas County,21,21 yrs,35860,18178,17682,7966,4063,3903,8575,4299,4276,16405,8346,8059,2073,1072,1001,841,398,443
2016,113,Dallas County,22,22 yrs,36869,18438,18431,8471,4303,4168,9082,4494,4588,16193,8151,8042,2295,1092,1203,828,398,430
2016,113,Dallas County,23,23 yrs,38392,19129,19263,9112,4619,4493,9967,4875,5092,16256,8174,8082,2182,1069,1113,875,392,483
2016,113,Dallas County,24,24 yrs,39289,19642,19647,10048,5059,4989,9917,4902,5015,16096,8136,7960,2410,1161,1249,818,384,434
2016,113,Dallas County,25,25 yrs,41021,20366,20655,10899,5493,5406,10259,4902,5357,16379,8256,8123,2598,1288,1310,886,427,459
2016,113,Dallas County,26,26 yrs,40986,20563,20423,11230,5773,5457,10128,4753,5375,15983,8256,7727,2769,1371,1398,876,410,466
2016,113,Dallas County,27,27 yrs,39803,19859,19944,10914,5387,5527,9618,4492,5126,15566,8212,7354,2922,1428,1494,783,340,443
2016,113,Dallas County,28,28 yrs,40814,20533,20281,11803,5852,5951,9260,4288,4972,15952,8391,7561,2985,1649,1336,814,353,461
2016,113,Dallas County,29,29 yrs,41077,20327,20750,12236,5968,6268,9044,4149,4895,15967,8402,7565,3040,1501,1539,790,307,483
2016,113,Dallas County,30,30 yrs,41840,20576,21264,12766,6264,6502,9094,4019,5075,15895,8295,7600,3257,1608,1649,828,390,438
2016,113,Dallas County,31,31 yrs,40454,20181,20273,12236,6021,6215,8697,3911,4786,15644,8216,7428,3127,1705,1422,750,328,422
2016,113,Dallas County,32,32 yrs,39983,19829,20154,11737,5976,5761,8505,3805,4700,15545,8094,7451,3461,1609,1852,735,345,390
2016,113,Dallas County,33,33 yrs,41315,20454,20861,11802,6022,5780,8825,3893,4932,16313,8442,7871,3567,1737,1830,808,360,448
2016,113,Dallas County,34,34 yrs,40142,20081,20061,11275,5738,5537,8609,3843,4766,16090,8443,7647,3387,1695,1692,781,362,419
2016,113,Dallas County,35,35 yrs,40013,19824,20189,10945,5556,5389,8822,3898,4924,16390,8542,7848,3217,1522,1695,639,306,333
2016,113,Dallas County,36,36 yrs,39949,19973,19976,10375,5346,5029,8822,3877,4945,16771,8757,8014,3255,1637,1618,726,356,370
2016,113,Dallas County,37,37 yrs,36701,18373,18328,9475,4875,4600,8222,3637,4585,15483,8099,7384,2909,1462,1447,612,300,312
2016,113,Dallas County,38,38 yrs,36535,18178,18357,9266,4728,4538,7905,3428,4477,16026,8371,7655,2761,1400,1361,577,251,326
2016,113,Dallas County,39,39 yrs,35804,17622,18182,9051,4696,4355,7860,3394,4466,15650,7936,7714,2671,1325,1346,572,271,301
2016,113,Dallas County,40,40 yrs,35542,17339,18203,8813,4515,4298,7633,3247,4386,15650,7884,7766,2898,1418,1480,548,275,273
2016,113,Dallas County,41,41 yrs,36364,18072,18292,9132,4707,4425,7716,3370,4346,16169,8298,7871,2800,1432,1368,547,265,282
2016,113,Dallas County,42,42 yrs,34363,16800,17563,8739,4445,4294,7561,3238,4323,14953,7536,7417,2656,1358,1298,454,223,231
2016,113,Dallas County,43,43 yrs,34796,17280,17516,9094,4725,4369,7784,3416,4368,14814,7582,7232,2555,1291,1264,549,266,283
2016,113,Dallas County,44,44 yrs,35183,17396,17787,9655,4935,4720,7998,3524,4474,14557,7403,7154,2486,1298,1188,487,236,251
2016,113,Dallas County,45,45 yrs,35740,17563,18177,10542,5430,5112,8275,3588,4687,13949,7028,6921,2451,1282,1169,523,235,288
2016,113,Dallas County,46,46 yrs,35679,17673,18006,10628,5463,5165,8005,3491,4514,14228,7332,6896,2311,1142,1169,507,245,262
2016,113,Dallas County,47,47 yrs,32900,16613,16287,10024,5157,4867,7404,3372,4032,12850,6741,6109,2177,1131,1046,445,212,233
2016,113,Dallas County,48,48 yrs,32542,16221,16321,9853,5021,4832,7631,3415,4216,12581,6536,6045,2005,1030,975,472,219,253
2016,113,Dallas County,49,49 yrs,31591,15783,15808,9921,5115,4806,7440,3330,4110,12032,6300,5732,1803,851,952,395,187,208
2016,113,Dallas County,50,50 yrs,31921,15946,15975,10138,5177,4961,7821,3481,4340,11752,6197,5555,1785,889,896,425,202,223
2016,113,Dallas County,51,51 yrs,33437,16848,16589,11379,5899,5480,8288,3713,4575,11494,6123,5371,1791,892,899,485,221,264
2016,113,Dallas County,52,52 yrs,32662,16383,16279,11916,6017,5899,7938,3534,4404,10555,5699,4856,1794,899,895,459,234,225
2016,113,Dallas County,53,53 yrs,32528,16039,16489,12562,6355,6207,7807,3433,4374,9967,5186,4781,1731,842,889,461,223,238
2016,113,Dallas County,54,54 yrs,31809,15672,16137,12891,6396,6495,7694,3472,4222,9265,4858,4407,1563,756,807,396,190,206
2016,113,Dallas County,55,55 yrs,32112,15902,16210,13043,6509,6534,7787,3496,4291,9201,4865,4336,1636,821,815,445,211,234
2016,113,Dallas County,56,56 yrs,31880,15784,16096,13235,6554,6681,7745,3528,4217,8811,4696,4115,1647,775,872,442,231,211
2016,113,Dallas County,57,57 yrs,30025,14638,15387,12939,6444,6495,7238,3217,4021,7940,4102,3838,1525,691,834,383,184,199
2016,113,Dallas County,58,58 yrs,29599,14411,15188,13135,6514,6621,7095,3187,3908,7365,3765,3600,1588,735,853,416,210,206
2016,113,Dallas County,59,59 yrs,28581,13711,14870,12800,6236,6564,6828,2989,3839,6976,3558,3418,1603,753,850,374,175,199
2016,113,Dallas County,60,60 yrs,27494,13323,14171,12648,6289,6359,6421,2842,3579,6576,3339,3237,1481,668,813,368,185,183
2016,113,Dallas County,61,61 yrs,26235,12620,13615,12434,6074,6360,6017,2641,3376,6038,3091,2947,1412,666,746,334,148,186
2016,113,Dallas County,62,62 yrs,23712,11115,12597,11523,5445,6078,5279,2282,2997,5235,2615,2620,1356,623,733,319,150,169
2016,113,Dallas County,63,63 yrs,23097,10852,12245,11364,5445,5919,5080,2172,2908,4883,2438,2445,1441,657,784,329,140,189
2016,113,Dallas County,64,64 yrs,21435,9872,11563,10623,5000,5623,4861,1995,2866,4419,2154,2265,1226,579,647,306,144,162
2016,113,Dallas County,65,65 yrs,20573,9572,11001,9919,4720,5199,4788,1967,2821,4260,2141,2119,1330,612,718,276,132,144
2016,113,Dallas County,66,66 yrs,19399,8919,10480,9670,4527,5143,4406,1833,2573,3781,1842,1939,1276,601,675,266,116,150
2016,113,Dallas County,67,67 yrs,18479,8529,9950,9385,4386,4999,4265,1794,2471,3509,1735,1774,1085,514,571,235,100,135
2016,113,Dallas County,68,68 yrs,18218,8280,9938,9827,4544,5283,4055,1719,2336,3167,1467,1700,944,440,504,225,110,115
2016,113,Dallas County,69,69 yrs,17227,7841,9386,9811,4590,5221,3465,1442,2023,2893,1320,1573,837,398,439,221,91,130
2016,113,Dallas County,70,70 yrs,13398,6046,7352,7022,3213,3809,2939,1223,1716,2571,1200,1371,711,330,381,155,80,75
2016,113,Dallas County,71,71 yrs,13356,5911,7445,7155,3203,3952,2974,1175,1799,2316,1103,1213,731,355,376,180,75,105
2016,113,Dallas County,72,72 yrs,12682,5698,6984,7053,3277,3776,2609,1074,1535,2210,976,1234,656,306,350,154,65,89
2016,113,Dallas County,73,73 yrs,11968,5249,6719,6850,3053,3797,2487,1004,1483,1884,833,1051,637,306,331,110,53,57
2016,113,Dallas County,74,74 yrs,10398,4476,5922,5938,2603,3335,2192,870,1322,1656,740,916,503,215,288,109,48,61
2016,113,Dallas County,75,75 yrs,9906,4229,5677,5644,2472,3172,2061,771,1290,1633,730,903,481,217,264,87,39,48
2016,113,Dallas County,76,76 yrs,9012,3816,5196,5177,2235,2942,1807,699,1108,1496,643,853,450,209,241,82,30,52
2016,113,Dallas County,77,77 yrs,8372,3566,4806,4964,2170,2794,1609,618,991,1317,557,760,412,197,215,70,24,46
2016,113,Dallas County,78,78 yrs,7719,3285,4434,4621,2006,2615,1440,553,887,1223,522,701,377,182,195,58,22,36
2016,113,Dallas County,79,79 yrs,7046,2895,4151,4215,1761,2454,1338,494,844,1074,454,620,367,167,200,52,19,33
2016,113,Dallas County,80,80 yrs,6669,2723,3946,4099,1726,2373,1207,415,792,993,420,573,311,146,165,59,16,43
2016,113,Dallas County,81,81 yrs,6442,2524,3918,4051,1585,2466,1158,441,717,925,365,560,262,120,142,46,13,33
2016,113,Dallas County,82,82 yrs,5818,2310,3508,3695,1481,2214,1063,372,691,812,347,465,214,97,117,34,13,21
2016,113,Dallas County,83,83 yrs,5386,2051,3335,3499,1372,2127,976,303,673,685,275,410,190,89,101,36,12,24
2016,113,Dallas County,84,84 yrs,5003,1916,3087,3387,1327,2060,756,240,516,644,268,376,187,71,116,29,10,19
2016,113,Dallas County,85,85 yrs,4707,1729,2978,3172,1195,1977,738,222,516,611,239,372,156,66,90,30,7,23
2016,113,Dallas County,86,86 yrs,4408,1567,2841,2961,1087,1874,709,191,518,560,224,336,152,58,94,26,7,19
2016,113,Dallas County,87,87 yrs,3839,1336,2503,2680,977,1703,600,156,444,414,147,267,124,50,74,21,6,15
2016,113,Dallas County,88,88 yrs,3230,1093,2137,2270,774,1496,460,136,324,374,131,243,99,45,54,27,7,20
2016,113,Dallas County,89,89 yrs,2865,981,1884,2048,712,1336,396,102,294,339,138,201,66,23,43,16,6,10
2016,113,Dallas County,90,90 yrs,2549,824,1725,1829,622,1207,372,94,278,264,78,186,71,26,45,13,4,9
2016,113,Dallas County,91,91 yrs,2120,625,1495,1568,457,1111,273,65,208,214,76,138,55,23,32,10,4,6
2016,113,Dallas County,92,92 yrs,1709,486,1223,1249,362,887,224,42,182,175,63,112,51,16,35,10,3,7
2016,113,Dallas County,93,93 yrs,1350,392,958,1000,287,713,186,43,143,118,47,71,38,13,25,8,2,6
2016,113,Dallas County,94,94 yrs,1034,287,747,782,222,560,131,28,103,97,29,68,20,8,12,4,0,4
2016,113,Dallas County,95,95+ yrs,2406,575,1831,1696,398,1298,404,77,327,230,77,153,61,19,42,15,4,11
2017,113,Dallas County,-1,All Ages,2624075,1290621,1333454,783323,384690,398633,589192,272319,316873,1034313,526821,507492,165670,82074,83596,51577,24717,26860
2017,113,Dallas County,0,< 1 yr,41589,21221,20368,9245,4715,4530,8706,4442,4264,19728,10061,9667,2425,1243,1182,1485,760,725
2017,113,Dallas County,1,1 yr,41106,20922,20184,9175,4678,4497,8601,4371,4230,19471,9918,9553,2416,1224,1192,1443,731,712
2017,113,Dallas County,2,2 yrs,40871,20818,20053,9133,4655,4478,8577,4362,4215,19340,9848,9492,2407,1231,1176,1414,722,692
2017,113,Dallas County,3,3 yrs,40610,20647,19963,9074,4625,4449,8536,4329,4207,19227,9783,9444,2393,1211,1182,1380,699,681
2017,113,Dallas County,4,4 yrs,40329,20517,19812,9002,4589,4413,8478,4303,4175,19139,9731,9408,2367,1208,1159,1343,686,657
2017,113,Dallas County,5,5 yrs,40026,20324,19702,8920,4547,4373,8402,4250,4152,19061,9685,9376,2337,1181,1156,1306,661,645
2017,113,Dallas County,6,6 yrs,39707,20159,19548,8865,4513,4352,8303,4208,4095,18974,9624,9350,2295,1166,1129,1270,648,622
2017,113,Dallas County,7,7 yrs,38801,19679,19122,6731,3474,3257,8338,4253,4085,20459,10265,10194,2088,1088,1000,1185,599,586
2017,113,Dallas County,8,8 yrs,39154,19821,19333,6648,3368,3280,8564,4310,4254,20673,10513,10160,2102,1065,1037,1167,565,602
2017,113,Dallas County,9,9 yrs,40265,20532,19733,6765,3412,3353,8821,4546,4275,21337,10898,10439,2128,1068,1060,1214,608,606
2017,113,Dallas County,10,10 yrs,39893,20346,19547,6689,3467,3222,8906,4589,4317,21195,10779,10416,2038,1009,1029,1065,502,563
2017,113,Dallas County,11,11 yrs,39167,19839,19328,6546,3360,3186,8799,4458,4341,20734,10473,10261,2036,1030,1006,1052,518,534
2017,113,Dallas County,12,12 yrs,38292,19423,18869,6557,3356,3201,8488,4310,4178,20334,10292,10042,1998,1016,982,915,449,466
2017,113,Dallas County,13,13 yrs,37494,19050,18444,6473,3296,3177,8325,4169,4156,19787,10080,9707,2000,1054,946,909,451,458
2017,113,Dallas County,14,14 yrs,36785,18707,18078,6318,3249,3069,8131,4095,4036,19503,9939,9564,1971,987,984,862,437,425
2017,113,Dallas County,15,15 yrs,37401,19123,18278,6458,3309,3149,8276,4197,4079,20024,10284,9740,1858,931,927,785,402,383
2017,113,Dallas County,16,16 yrs,38233,19590,18643,6959,3622,3337,8227,4215,4012,20116,10278,9838,2131,1092,1039,800,383,417
2017,113,Dallas County,17,17 yrs,38097,19312,18785,7241,3662,3579,8427,4184,4243,19595,10045,9550,2061,1020,1041,773,401,372
2017,113,Dallas County,18,18 yrs,35658,18064,17594,7044,3633,3411,7671,3880,3791,18260,9204,9056,1910,987,923,773,360,413
2017,113,Dallas County,19,19 yrs,33286,16948,16338,6547,3347,3200,7353,3784,3569,16800,8513,8287,1807,930,877,779,374,405
2017,113,Dallas County,20,20 yrs,34302,17279,17023,7223,3669,3554,7584,3785,3799,16795,8512,8283,1960,964,996,740,349,391
2017,113,Dallas County,21,21 yrs,35304,17663,17641,7606,3827,3779,8075,4103,3972,16674,8260,8414,2139,1072,1067,810,401,409
2017,113,Dallas County,22,22 yrs,37490,18854,18636,8537,4342,4195,9130,4544,4586,16570,8347,8223,2350,1188,1162,903,433,470
2017,113,Dallas County,23,23 yrs,38866,19316,19550,9344,4734,4610,9608,4721,4887,16381,8194,8187,2647,1247,1400,886,420,466
2017,113,Dallas County,24,24 yrs,40166,19950,20216,9807,4992,4815,10466,5091,5375,16504,8257,8247,2446,1190,1256,943,420,523
2017,113,Dallas County,25,25 yrs,41085,20417,20668,10793,5438,5355,10475,5136,5339,16245,8167,8078,2705,1273,1432,867,403,464
2017,113,Dallas County,26,26 yrs,41599,20662,20937,11027,5588,5439,10575,5051,5524,16325,8188,8137,2759,1399,1360,913,436,477
2017,113,Dallas County,27,27 yrs,41287,20659,20628,11175,5780,5395,10419,4866,5553,15872,8150,7722,2923,1443,1480,898,420,478
2017,113,Dallas County,28,28 yrs,40265,20116,20149,11011,5486,5525,9862,4621,5241,15475,8128,7347,3117,1534,1583,800,347,453
2017,113,Dallas County,29,29 yrs,40991,20542,20449,11667,5785,5882,9509,4382,5127,15811,8267,7544,3179,1756,1423,825,352,473
2017,113,Dallas County,30,30 yrs,41322,20406,20916,12222,5997,6225,9264,4235,5029,15854,8305,7549,3165,1548,1617,817,321,496
2017,113,Dallas County,31,31 yrs,42018,20656,21362,12660,6211,6449,9282,4104,5178,15808,8223,7585,3432,1723,1709,836,395,441
2017,113,Dallas County,32,32 yrs,40373,20111,20262,12076,5948,6128,8821,3979,4842,15520,8116,7404,3213,1744,1469,743,324,419
2017,113,Dallas County,33,33 yrs,39940,19773,20167,11585,5905,5680,8641,3871,4770,15396,7975,7421,3574,1672,1902,744,350,394
2017,113,Dallas County,34,34 yrs,41167,20349,20818,11629,5929,5700,8943,3959,4984,16133,8318,7815,3655,1780,1875,807,363,444
2017,113,Dallas County,35,35 yrs,40037,19991,20046,11105,5654,5451,8729,3901,4828,15954,8343,7611,3471,1734,1737,778,359,419
2017,113,Dallas County,36,36 yrs,39901,19728,20173,10817,5484,5333,8873,3918,4955,16292,8468,7824,3275,1547,1728,644,311,333
2017,113,Dallas County,37,37 yrs,39853,19871,19982,10256,5279,4977,8874,3896,4978,16682,8679,8003,3315,1663,1652,726,354,372
2017,113,Dallas County,38,38 yrs,36574,18258,18316,9359,4809,4550,8259,3647,4612,15381,8017,7364,2963,1484,1479,612,301,311
2017,113,Dallas County,39,39 yrs,36405,18083,18322,9154,4668,4486,7931,3435,4496,15928,8303,7625,2813,1423,1390,579,254,325
2017,113,Dallas County,40,40 yrs,35706,17543,18163,8938,4638,4300,7913,3420,4493,15567,7867,7700,2719,1347,1372,569,271,298
2017,113,Dallas County,41,41 yrs,35574,17324,18250,8765,4483,4282,7636,3243,4393,15672,7882,7790,2954,1444,1510,547,272,275
2017,113,Dallas County,42,42 yrs,36364,18043,18321,9068,4664,4404,7703,3360,4343,16190,8296,7894,2853,1457,1396,550,266,284
2017,113,Dallas County,43,43 yrs,34342,16760,17582,8682,4407,4275,7547,3231,4316,14958,7522,7436,2705,1381,1324,450,219,231
2017,113,Dallas County,44,44 yrs,34769,17234,17535,9029,4683,4346,7764,3401,4363,14831,7576,7255,2600,1310,1290,545,264,281
2017,113,Dallas County,45,45 yrs,35162,17370,17792,9579,4894,4685,7991,3522,4469,14570,7396,7174,2537,1324,1213,485,234,251
2017,113,Dallas County,46,46 yrs,35750,17540,18210,10489,5398,5091,8246,3571,4675,13995,7036,6959,2498,1301,1197,522,234,288
2017,113,Dallas County,47,47 yrs,35706,17662,18044,10576,5431,5145,8004,3497,4507,14270,7335,6935,2356,1158,1198,500,241,259
2017,113,Dallas County,48,48 yrs,32914,16605,16309,9973,5127,4846,7380,3364,4016,12895,6753,6142,2221,1149,1072,445,212,233
2017,113,Dallas County,49,49 yrs,32516,16181,16335,9795,4984,4811,7595,3397,4198,12615,6539,6076,2044,1045,999,467,216,251
2017,113,Dallas County,50,50 yrs,31591,15779,15812,9859,5083,4776,7421,3327,4094,12079,6317,5762,1838,864,974,394,188,206
2017,113,Dallas County,51,51 yrs,31817,15886,15931,10035,5123,4912,7774,3454,4320,11771,6202,5569,1816,904,912,421,203,218
2017,113,Dallas County,52,52 yrs,33286,16755,16531,11254,5831,5423,8237,3684,4553,11495,6113,5382,1821,906,915,479,221,258
2017,113,Dallas County,53,53 yrs,32493,16278,16215,11782,5947,5835,7878,3497,4381,10557,5690,4867,1824,913,911,452,231,221
2017,113,Dallas County,54,54 yrs,32352,15932,16420,12418,6276,6142,7751,3401,4350,9965,5175,4790,1761,856,905,457,224,233
2017,113,Dallas County,55,55 yrs,31748,15608,16140,12798,6331,6467,7665,3447,4218,9297,4869,4428,1591,768,823,397,193,204
2017,113,Dallas County,56,56 yrs,31900,15759,16141,12873,6416,6457,7728,3457,4271,9201,4850,4351,1662,830,832,436,206,230
2017,113,Dallas County,57,57 yrs,31647,15627,16020,13057,6456,6601,7673,3479,4194,8807,4680,4127,1675,785,890,435,227,208
2017,113,Dallas County,58,58 yrs,29788,14482,15306,12756,6343,6413,7169,3171,3998,7938,4090,3848,1551,699,852,374,179,195
2017,113,Dallas County,59,59 yrs,29342,14243,15099,12945,6408,6537,7021,3138,3883,7356,3749,3607,1613,743,870,407,205,202
2017,113,Dallas County,60,60 yrs,28337,13562,14775,12617,6139,6478,6756,2945,3811,6970,3546,3424,1628,761,867,366,171,195
2017,113,Dallas County,61,61 yrs,27032,13052,13980,12340,6118,6222,6308,2772,3536,6516,3301,3215,1505,680,825,363,181,182
2017,113,Dallas County,62,62 yrs,25765,12350,13415,12121,5904,6217,5904,2573,3331,5975,3050,2925,1434,678,756,331,145,186
2017,113,Dallas County,63,63 yrs,23270,10867,12403,11226,5287,5939,5174,2220,2954,5181,2581,2600,1376,634,742,313,145,168
2017,113,Dallas County,64,64 yrs,22646,10602,12044,11061,5283,5778,4974,2111,2863,4823,2401,2422,1463,669,794,325,138,187
2017,113,Dallas County,65,65 yrs,21014,9651,11363,10329,4846,5483,4767,1946,2821,4372,2128,2244,1245,590,655,301,141,160
2017,113,Dallas County,66,66 yrs,20121,9319,10802,9659,4576,5083,4698,1918,2780,4187,2094,2093,1314,605,709,263,126,137
2017,113,Dallas County,67,67 yrs,18947,8670,10277,9405,4383,5022,4318,1787,2531,3712,1797,1915,1259,593,666,253,110,143
2017,113,Dallas County,68,68 yrs,18026,8279,9747,9116,4240,4876,4177,1746,2431,3442,1692,1750,1068,506,562,223,95,128
2017,113,Dallas County,69,69 yrs,17731,8011,9720,9530,4383,5147,3962,1667,2295,3101,1426,1675,925,431,494,213,104,109
2017,113,Dallas County,70,70 yrs,16741,7576,9165,9501,4420,5081,3382,1399,1983,2830,1282,1548,819,389,430,209,86,123
2017,113,Dallas County,71,71 yrs,13075,5857,7218,6835,3107,3728,2869,1183,1686,2521,1167,1354,704,326,378,146,74,72
2017,113,Dallas County,72,72 yrs,13008,5711,7297,6952,3090,3862,2898,1133,1765,2269,1071,1198,721,348,373,168,69,99
2017,113,Dallas County,73,73 yrs,12319,5490,6829,6841,3156,3685,2532,1032,1500,2159,944,1215,644,299,345,143,59,84
2017,113,Dallas County,74,74 yrs,11603,5041,6562,6629,2930,3699,2410,962,1448,1839,804,1035,625,298,327,100,47,53
2017,113,Dallas County,75,75 yrs,10058,4289,5769,5734,2493,3241,2120,832,1288,1610,712,898,492,208,284,102,44,58
2017,113,Dallas County,76,76 yrs,9557,4047,5510,5438,2366,3072,1977,730,1247,1592,704,888,473,214,259,77,33,44
2017,113,Dallas County,77,77 yrs,8664,3638,5026,4972,2131,2841,1724,657,1067,1454,619,835,440,205,235,74,26,48
2017,113,Dallas County,78,78 yrs,8018,3382,4636,4747,2057,2690,1533,579,954,1276,533,743,400,192,208,62,21,41
2017,113,Dallas County,79,79 yrs,7359,3100,4259,4402,1894,2508,1363,516,847,1178,496,682,365,175,190,51,19,32
2017,113,Dallas County,80,80 yrs,6687,2718,3969,3996,1653,2343,1263,459,804,1029,429,600,353,161,192,46,16,30
2017,113,Dallas County,81,81 yrs,6349,2561,3788,3896,1623,2273,1146,385,761,957,401,556,298,139,159,52,13,39
2017,113,Dallas County,82,82 yrs,6097,2356,3741,3827,1478,2349,1091,406,685,890,348,542,248,113,135,41,11,30
2017,113,Dallas County,83,83 yrs,5468,2139,3329,3467,1371,2096,995,340,655,774,327,447,203,91,112,29,10,19
2017,113,Dallas County,84,84 yrs,5027,1882,3145,3260,1259,2001,911,275,636,648,256,392,178,83,95,30,9,21
2017,113,Dallas County,85,85 yrs,4630,1742,2888,3128,1206,1922,700,215,485,604,248,356,174,65,109,24,8,16
2017,113,Dallas County,86,86 yrs,4316,1559,2757,2901,1074,1827,672,197,475,569,220,349,147,62,85,27,6,21
2017,113,Dallas County,87,87 yrs,3998,1394,2604,2678,964,1714,639,166,473,516,204,312,143,54,89,22,6,16
2017,113,Dallas County,88,88 yrs,3433,1169,2264,2388,852,1536,535,133,402,378,133,245,114,46,68,18,5,13
2017,113,Dallas County,89,89 yrs,2857,945,1912,1996,665,1331,409,117,292,338,116,222,91,41,50,23,6,17
2017,113,Dallas County,90,90 yrs,2486,830,1656,1771,601,1170,343,84,259,300,120,180,59,20,39,13,5,8
2017,113,Dallas County,91,91 yrs,2169,680,1489,1549,512,1037,315,75,240,231,67,164,64,23,41,10,3,7
2017,113,Dallas County,92,92 yrs,1775,506,1269,1303,368,935,233,52,181,184,64,120,47,19,28,8,3,5
2017,113,Dallas County,93,93 yrs,1398,385,1013,1013,282,731,187,35,152,147,52,95,44,14,30,7,2,5
2017,113,Dallas County,94,94 yrs,1072,300,772,788,217,571,148,32,116,97,38,59,32,11,21,7,2,5
2017,113,Dallas County,95,95+ yrs,2546,624,1922,1793,437,1356,414,79,335,258,83,175,67,22,45,14,3,11
2018,113,Dallas County,-1,All Ages,2660715,1307610,1353105,782167,384370,397797,599411,277150,322261,1052402,534709,517693,173433,85850,87583,53302,25531,27771
2018,113,Dallas County,0,< 1 yr,41961,21383,20578,9180,4681,4499,8807,4486,4321,19957,10178,9779,2492,1265,1227,1525,773,752
2018,113,Dallas County,1,1 yr,41474,21137,20337,9128,4653,4475,8713,4435,4278,19664,10018,9646,2484,1272,1212,1485,759,726
2018,113,Dallas County,2,2 yrs,41242,20981,20261,9106,4643,4463,8701,4417,4284,19498,9926,9572,2482,1257,1225,1455,738,717
2018,113,Dallas County,3,3 yrs,41006,20876,20130,9065,4620,4445,8678,4409,4269,19366,9856,9510,2472,1263,1209,1425,728,697
2018,113,Dallas County,4,4 yrs,40745,20704,20041,9006,4591,4415,8638,4376,4262,19254,9790,9464,2456,1242,1214,1391,705,686
2018,113,Dallas County,5,5 yrs,40461,20572,19889,8934,4554,4380,8578,4349,4229,19166,9739,9427,2429,1238,1191,1354,692,662
2018,113,Dallas County,6,6 yrs,40140,20352,19788,8880,4522,4358,8488,4293,4195,19060,9665,9395,2393,1207,1186,1319,665,654
2018,113,Dallas County,7,7 yrs,39817,20186,19631,8825,4488,4337,8388,4251,4137,18973,9604,9369,2348,1191,1157,1283,652,631
2018,113,Dallas County,8,8 yrs,38919,19708,19211,6698,3453,3245,8431,4299,4132,20456,10242,10214,2137,1111,1026,1197,603,594
2018,113,Dallas County,9,9 yrs,39271,19850,19421,6615,3348,3267,8655,4355,4300,20669,10490,10179,2152,1088,1064,1180,569,611
2018,113,Dallas County,10,10 yrs,40379,20560,19819,6729,3390,3339,8913,4593,4320,21333,10874,10459,2178,1092,1086,1226,611,615
2018,113,Dallas County,11,11 yrs,40010,20415,19595,6656,3443,3213,8891,4583,4308,21291,10844,10447,2110,1045,1065,1062,500,562
2018,113,Dallas County,12,12 yrs,39278,19904,19374,6511,3336,3175,8781,4450,4331,20829,10535,10294,2108,1067,1041,1049,516,533
2018,113,Dallas County,13,13 yrs,38391,19480,18911,6519,3330,3189,8467,4300,4167,20424,10351,10073,2069,1052,1017,912,447,465
2018,113,Dallas County,14,14 yrs,37585,19106,18479,6434,3270,3164,8299,4157,4142,19876,10139,9737,2070,1091,979,906,449,457
2018,113,Dallas County,15,15 yrs,36846,18750,18096,6301,3249,3052,8087,4068,4019,19561,9977,9584,2038,1021,1017,859,435,424
2018,113,Dallas County,16,16 yrs,38365,19566,18799,6760,3451,3309,8366,4234,4132,20376,10439,9937,2071,1039,1032,792,403,389
2018,113,Dallas County,17,17 yrs,38877,19852,19025,7188,3717,3471,8186,4177,4009,20377,10386,9991,2339,1198,1141,787,374,413
2018,113,Dallas County,18,18 yrs,37095,18861,18234,6960,3566,3394,7979,3993,3986,19272,9862,9410,2116,1047,1069,768,393,375
2018,113,Dallas County,19,19 yrs,33893,17158,16735,6449,3293,3156,7263,3688,3575,17494,8828,8666,1919,994,925,768,355,413
2018,113,Dallas County,20,20 yrs,34353,17392,16961,6794,3469,3325,7511,3842,3669,17227,8664,8563,2015,1039,976,806,378,428
2018,113,Dallas County,21,21 yrs,35491,17751,17740,7571,3837,3734,8033,3968,4065,16916,8517,8399,2187,1059,1128,784,370,414
2018,113,Dallas County,22,22 yrs,36898,18313,18585,8155,4092,4063,8607,4340,4267,16844,8259,8585,2421,1186,1235,871,436,435
2018,113,Dallas County,23,23 yrs,39523,19762,19761,9430,4783,4647,9658,4774,4884,16760,8391,8369,2709,1357,1352,966,457,509
2018,113,Dallas County,24,24 yrs,40697,20160,20537,10063,5121,4942,10091,4929,5162,16629,8275,8354,2960,1384,1576,954,451,503
2018,113,Dallas County,25,25 yrs,41948,20721,21227,10524,5363,5161,11038,5329,5709,16650,8285,8365,2737,1303,1434,999,441,558
2018,113,Dallas County,26,26 yrs,41593,20669,20924,10882,5512,5370,10786,5283,5503,16177,8091,8086,2856,1372,1484,892,411,481
2018,113,Dallas County,27,27 yrs,41912,20770,21142,10973,5597,5376,10875,5170,5705,16213,8082,8131,2916,1475,1441,935,446,489
2018,113,Dallas County,28,28 yrs,41748,20919,20829,11264,5877,5387,10682,5004,5678,15773,8061,7712,3113,1550,1563,916,427,489
2018,113,Dallas County,29,29 yrs,40456,20117,20339,10881,5420,5461,10125,4722,5403,15331,8004,7327,3308,1626,1682,811,345,466
2018,113,Dallas County,30,30 yrs,41259,20640,20619,11664,5817,5847,9740,4472,5268,15696,8170,7526,3305,1813,1492,854,368,486
2018,113,Dallas County,31,31 yrs,41497,20482,21015,12122,5947,6175,9455,4324,5131,15764,8230,7534,3332,1657,1675,824,324,500
2018,113,Dallas County,32,32 yrs,41954,20588,21366,12497,6137,6360,9418,4176,5242,15680,8120,7560,3529,1764,1765,830,391,439
2018,113,Dallas County,33,33 yrs,40320,20061,20259,11916,5876,6040,8961,4047,4914,15368,7996,7372,3322,1813,1509,753,329,424
2018,113,Dallas County,34,34 yrs,39804,19675,20129,11416,5815,5601,8757,3937,4820,15227,7858,7369,3662,1713,1949,742,352,390
2018,113,Dallas County,35,35 yrs,41062,20257,20805,11453,5842,5611,9069,4020,5049,15992,8217,7775,3744,1819,1925,804,359,445
2018,113,Dallas County,36,36 yrs,39925,19895,20030,10975,5580,5395,8780,3921,4859,15855,8268,7587,3531,1761,1770,784,365,419
2018,113,Dallas County,37,37 yrs,39802,19626,20176,10694,5415,5279,8925,3937,4988,16203,8392,7811,3336,1572,1764,644,310,334
2018,113,Dallas County,38,38 yrs,39719,19747,19972,10130,5207,4923,8914,3905,5009,16573,8591,7982,3376,1689,1687,726,355,371
2018,113,Dallas County,39,39 yrs,36447,18165,18282,9246,4748,4498,8287,3655,4632,15283,7950,7333,3017,1507,1510,614,305,309
2018,113,Dallas County,40,40 yrs,36304,18001,18303,9040,4609,4431,7982,3460,4522,15839,8229,7610,2866,1448,1418,577,255,322
2018,113,Dallas County,41,41 yrs,35733,17527,18206,8890,4606,4284,7918,3417,4501,15585,7864,7721,2771,1371,1400,569,269,300
2018,113,Dallas County,42,42 yrs,35584,17300,18284,8706,4443,4263,7621,3232,4389,15695,7881,7814,3011,1470,1541,551,274,277
2018,113,Dallas County,43,43 yrs,36346,18002,18344,9010,4625,4385,7690,3354,4336,16192,8279,7913,2907,1482,1425,547,262,285
2018,113,Dallas County,44,44 yrs,34321,16717,17604,8620,4368,4252,7525,3215,4310,14977,7517,7460,2753,1401,1352,446,216,230
2018,113,Dallas County,45,45 yrs,34753,17212,17541,8958,4646,4312,7756,3399,4357,14844,7570,7274,2652,1335,1317,543,262,281
2018,113,Dallas County,46,46 yrs,35187,17355,17832,9533,4867,4666,7964,3507,4457,14618,7404,7214,2587,1344,1243,485,233,252
2018,113,Dallas County,47,47 yrs,35776,17528,18248,10437,5366,5071,8243,3575,4668,14035,7037,6998,2546,1320,1226,515,230,285
2018,113,Dallas County,48,48 yrs,35723,17654,18069,10523,5400,5123,7976,3487,4489,14321,7349,6972,2404,1177,1227,499,241,258
2018,113,Dallas County,49,49 yrs,32891,16565,16326,9913,5089,4824,7346,3347,3999,12929,6755,6174,2263,1166,1097,440,208,232
2018,113,Dallas County,50,50 yrs,32519,16179,16340,9733,4952,4781,7574,3394,4180,12663,6555,6108,2085,1062,1023,464,216,248
2018,113,Dallas County,51,51 yrs,31494,15722,15772,9759,5031,4728,7377,3301,4076,12097,6322,5775,1871,879,992,390,189,201
2018,113,Dallas County,52,52 yrs,31684,15805,15879,9925,5064,4861,7726,3428,4298,11771,6192,5579,1846,918,928,416,203,213
2018,113,Dallas County,53,53 yrs,33121,16647,16474,11128,5763,5365,8175,3644,4531,11496,6102,5394,1851,920,931,471,218,253
2018,113,Dallas County,54,54 yrs,32322,16176,16146,11647,5874,5773,7819,3464,4355,10553,5678,4875,1854,928,926,449,232,217
2018,113,Dallas County,55,55 yrs,32299,15872,16427,12330,6213,6117,7720,3375,4345,9999,5187,4812,1792,870,922,458,227,231
2018,113,Dallas County,56,56 yrs,31540,15468,16072,12632,6240,6392,7606,3409,4197,9295,4853,4442,1617,777,840,390,189,201
2018,113,Dallas County,57,57 yrs,31667,15602,16065,12698,6319,6379,7656,3409,4247,9196,4833,4363,1689,840,849,428,201,227
2018,113,Dallas County,58,58 yrs,31403,15465,15938,12873,6355,6518,7598,3429,4169,8802,4665,4137,1703,794,909,427,222,205
2018,113,Dallas County,59,59 yrs,29536,14317,15219,12572,6240,6332,7095,3123,3972,7927,4072,3855,1575,707,868,367,175,192
2018,113,Dallas County,60,60 yrs,29093,14088,15005,12759,6309,6450,6947,3093,3854,7347,3734,3613,1640,751,889,400,201,199
2018,113,Dallas County,61,61 yrs,27869,13293,14576,12310,5972,6338,6637,2873,3764,6906,3506,3400,1654,775,879,362,167,195
2018,113,Dallas County,62,62 yrs,26557,12772,13785,12030,5946,6084,6190,2700,3490,6449,3257,3192,1529,692,837,359,177,182
2018,113,Dallas County,63,63 yrs,25283,12075,13208,11808,5734,6074,5786,2503,3283,5909,3008,2901,1455,690,765,325,140,185
2018,113,Dallas County,64,64 yrs,22817,10617,12200,10927,5129,5798,5066,2158,2908,5119,2543,2576,1397,645,752,308,142,166
2018,113,Dallas County,65,65 yrs,22208,10366,11842,10757,5122,5635,4875,2057,2818,4770,2370,2400,1485,681,804,321,136,185
2018,113,Dallas County,66,66 yrs,20557,9398,11159,10060,4699,5361,4680,1899,2781,4298,2081,2217,1231,584,647,288,135,153
2018,113,Dallas County,67,67 yrs,19652,9059,10593,9393,4430,4963,4603,1868,2735,4110,2044,2066,1296,597,699,250,120,130
2018,113,Dallas County,68,68 yrs,18480,8416,10064,9134,4237,4897,4229,1740,2489,3640,1751,1889,1236,583,653,241,105,136
2018,113,Dallas County,69,69 yrs,17550,8014,9536,8841,4090,4751,4081,1694,2387,3369,1645,1724,1047,495,552,212,90,122
2018,113,Dallas County,70,70 yrs,17237,7743,9494,9231,4221,5010,3867,1617,2250,3033,1385,1648,906,422,484,200,98,102
2018,113,Dallas County,71,71 yrs,16332,7338,8994,9249,4275,4974,3301,1353,1948,2775,1247,1528,811,384,427,196,79,117
2018,113,Dallas County,72,72 yrs,12734,5658,7076,6641,2998,3643,2794,1140,1654,2470,1133,1337,694,320,374,135,67,68
2018,113,Dallas County,73,73 yrs,12644,5506,7138,6746,2977,3769,2814,1089,1725,2218,1037,1181,710,341,369,156,62,94
2018,113,Dallas County,74,74 yrs,11949,5275,6674,6621,3031,3590,2454,989,1465,2109,912,1197,632,290,342,133,53,80
2018,113,Dallas County,75,75 yrs,11225,4833,6392,6402,2807,3595,2329,919,1410,1789,774,1015,612,290,322,93,43,50
2018,113,Dallas County,76,76 yrs,9701,4103,5598,5523,2385,3138,2032,788,1244,1570,687,883,485,206,279,91,37,54
2018,113,Dallas County,77,77 yrs,9189,3858,5331,5222,2255,2967,1888,687,1201,1547,678,869,463,210,253,69,28,41
2018,113,Dallas County,78,78 yrs,8301,3452,4849,4757,2022,2735,1642,616,1026,1409,593,816,427,199,228,66,22,44
2018,113,Dallas County,79,79 yrs,7650,3195,4455,4523,1943,2580,1453,542,911,1230,507,723,388,185,203,56,18,38
2018,113,Dallas County,80,80 yrs,6981,2911,4070,4172,1778,2394,1283,478,805,1129,470,659,352,169,183,45,16,29
2018,113,Dallas County,81,81 yrs,6372,2558,3814,3801,1554,2247,1197,426,771,993,410,583,340,154,186,41,14,27
2018,113,Dallas County,82,82 yrs,6009,2393,3616,3680,1515,2165,1081,354,727,920,382,538,283,131,152,45,11,34
2018,113,Dallas County,83,83 yrs,5735,2184,3551,3593,1369,2224,1022,371,651,849,328,521,236,107,129,35,9,26
2018,113,Dallas County,84,84 yrs,5108,1966,3142,3231,1259,1972,928,308,620,733,306,427,191,85,106,25,8,17
2018,113,Dallas County,85,85 yrs,4660,1715,2945,3013,1146,1867,847,248,599,608,237,371,167,77,90,25,7,18
2018,113,Dallas County,86,86 yrs,4247,1572,2675,2862,1085,1777,637,191,446,562,228,334,164,61,103,22,7,15
2018,113,Dallas County,87,87 yrs,3918,1388,2530,2624,952,1672,608,173,435,525,200,325,138,58,80,23,5,18
2018,113,Dallas County,88,88 yrs,3586,1223,2363,2391,842,1549,574,143,431,471,184,287,132,50,82,18,4,14
2018,113,Dallas County,89,89 yrs,3039,1014,2025,2099,733,1366,479,117,362,342,118,224,104,42,62,15,4,11
2018,113,Dallas County,90,90 yrs,2485,801,1684,1729,562,1167,355,97,258,301,101,200,81,36,45,19,5,14
2018,113,Dallas County,91,91 yrs,2120,688,1432,1504,497,1007,292,68,224,261,102,159,53,18,35,10,3,7
2018,113,Dallas County,92,92 yrs,1819,552,1267,1287,413,874,271,61,210,198,56,142,55,20,35,8,2,6
2018,113,Dallas County,93,93 yrs,1454,401,1053,1059,287,772,195,44,151,154,52,102,40,16,24,6,2,4
2018,113,Dallas County,94,94 yrs,1112,294,818,800,213,587,149,26,123,121,42,79,36,11,25,6,2,4
2018,113,Dallas County,95,95+ yrs,2676,666,2010,1867,460,1407,437,83,354,277,93,184,81,27,54,14,3,11
2019,113,Dallas County,-1,All Ages,2697424,1324621,1372803,780802,383926,396876,609569,281974,327595,1070513,542581,527932,181481,89764,91717,55059,26376,28683
2019,113,Dallas County,0,< 1 yr,42332,21599,20733,9094,4638,4456,8906,4546,4360,20211,10307,9904,2560,1311,1249,1561,797,764
2019,113,Dallas County,1,1 yr,41845,21300,20545,9063,4620,4443,8815,4480,4335,19890,10133,9757,2553,1295,1258,1524,772,752
2019,113,Dallas County,2,2 yrs,41608,21192,20416,9058,4618,4440,8813,4480,4333,19688,10024,9664,2552,1305,1247,1497,765,732
2019,113,Dallas County,3,3 yrs,41375,21037,20338,9036,4607,4429,8801,4463,4338,19523,9933,9590,2549,1290,1259,1466,744,722
2019,113,Dallas County,4,4 yrs,41142,20934,20208,8996,4585,4411,8780,4456,4324,19391,9863,9528,2538,1295,1243,1437,735,702
2019,113,Dallas County,5,5 yrs,40876,20759,20117,8937,4555,4382,8738,4422,4316,19277,9796,9481,2521,1274,1247,1403,712,691
2019,113,Dallas County,6,6 yrs,40574,20599,19975,8894,4529,4365,8666,4393,4273,19161,9716,9445,2486,1265,1221,1367,696,671
2019,113,Dallas County,7,7 yrs,40250,20378,19872,8840,4497,4343,8573,4336,4237,19056,9643,9413,2449,1233,1216,1332,669,663
2019,113,Dallas County,8,8 yrs,39925,20211,19714,8784,4463,4321,8472,4293,4179,18969,9582,9387,2404,1217,1187,1296,656,640
2019,113,Dallas County,9,9 yrs,39025,19731,19294,6663,3431,3232,8520,4343,4177,20449,10217,10232,2185,1134,1051,1208,606,602
2019,113,Dallas County,10,10 yrs,39381,19877,19504,6580,3327,3253,8747,4401,4346,20661,10465,10196,2201,1111,1090,1192,573,619
2019,113,Dallas County,11,11 yrs,40494,20627,19867,6696,3367,3329,8895,4585,4310,21427,10936,10491,2254,1130,1124,1222,609,613
2019,113,Dallas County,12,12 yrs,40117,20479,19638,6621,3418,3203,8871,4575,4296,21383,10906,10477,2184,1082,1102,1058,498,560
2019,113,Dallas County,13,13 yrs,39379,19963,19416,6474,3310,3164,8757,4439,4318,20920,10595,10325,2182,1105,1077,1046,514,532
2019,113,Dallas County,14,14 yrs,38486,19537,18949,6478,3303,3175,8444,4290,4154,20513,10410,10103,2142,1089,1053,909,445,464
2019,113,Dallas County,15,15 yrs,37642,19148,18494,6413,3267,3146,8255,4131,4124,19932,10176,9756,2139,1127,1012,903,447,456
2019,113,Dallas County,16,16 yrs,37808,19195,18613,6594,3388,3206,8177,4107,4070,19900,10125,9775,2271,1139,1132,866,436,430
2019,113,Dallas County,17,17 yrs,38995,19818,19177,6981,3540,3441,8327,4197,4130,20635,10546,10089,2274,1142,1132,778,393,385
2019,113,Dallas County,18,18 yrs,37891,19400,18491,6903,3615,3288,7742,3983,3759,20046,10197,9849,2417,1238,1179,783,367,416
2019,113,Dallas County,19,19 yrs,35306,17939,17367,6362,3228,3134,7565,3798,3767,18480,9467,9013,2137,1059,1078,762,387,375
2019,113,Dallas County,20,20 yrs,34977,17608,17369,6690,3411,3279,7417,3745,3672,17936,8983,8953,2140,1111,1029,794,358,436
2019,113,Dallas County,21,21 yrs,35531,17868,17663,7122,3628,3494,7954,4026,3928,17352,8669,8683,2248,1144,1104,855,401,454
2019,113,Dallas County,22,22 yrs,37085,18393,18692,8120,4103,4017,8564,4200,4364,17083,8516,8567,2476,1172,1304,842,402,440
2019,113,Dallas County,23,23 yrs,38888,19186,19702,9019,4512,4507,9112,4562,4550,17039,8300,8739,2787,1352,1435,931,460,471
2019,113,Dallas County,24,24 yrs,41396,20639,20757,10166,5180,4986,10144,4986,5158,17016,8477,8539,3029,1506,1523,1041,490,551
2019,113,Dallas County,25,25 yrs,42541,20953,21588,10804,5506,5298,10644,5158,5486,16775,8302,8473,3307,1513,1794,1011,474,537
2019,113,Dallas County,26,26 yrs,42446,20965,21481,10601,5432,5169,11363,5483,5880,16575,8205,8370,2881,1397,1484,1026,448,578
2019,113,Dallas County,27,27 yrs,41868,20756,21112,10813,5511,5302,11083,5403,5680,16055,7980,8075,3004,1441,1563,913,421,492
2019,113,Dallas County,28,28 yrs,42384,21039,21345,11060,5691,5369,11147,5314,5833,16111,7992,8119,3112,1588,1524,954,454,500
2019,113,Dallas County,29,29 yrs,41945,20923,21022,11131,5808,5323,10964,5113,5851,15624,7934,7690,3298,1642,1656,928,426,502
2019,113,Dallas County,30,30 yrs,40739,20210,20529,10876,5447,5429,10369,4821,5548,15214,7907,7307,3440,1675,1765,840,360,480
2019,113,Dallas County,31,31 yrs,41468,20746,20722,11572,5770,5802,9941,4566,5375,15607,8096,7511,3486,1942,1544,862,372,490
2019,113,Dallas County,32,32 yrs,41440,20419,21021,11965,5876,6089,9594,4400,5194,15636,8127,7509,3428,1696,1732,817,320,497
2019,113,Dallas County,33,33 yrs,41918,20540,21378,12336,6065,6271,9571,4248,5323,15524,7997,7527,3647,1834,1813,840,396,444
2019,113,Dallas County,34,34 yrs,40167,19964,20203,11741,5785,5956,9081,4116,4965,15194,7876,7318,3399,1855,1544,752,332,420
2019,113,Dallas County,35,35 yrs,39705,19587,20118,11244,5730,5514,8879,3997,4882,15092,7760,7332,3751,1751,2000,739,349,390
2019,113,Dallas County,36,36 yrs,40953,20163,20790,11321,5767,5554,9120,4040,5080,15890,8142,7748,3811,1848,1963,811,366,445
2019,113,Dallas County,37,37 yrs,39826,19794,20032,10850,5510,5340,8831,3941,4890,15764,8190,7574,3597,1790,1807,784,363,421
2019,113,Dallas County,38,38 yrs,39667,19502,20165,10566,5343,5223,8964,3947,5017,16096,8306,7790,3397,1595,1802,644,311,333
2019,113,Dallas County,39,39 yrs,39585,19646,19939,10009,5142,4867,8943,3912,5031,16468,8519,7949,3438,1715,1723,727,358,369
2019,113,Dallas County,40,40 yrs,36352,18087,18265,9131,4689,4442,8341,3682,4659,15196,7878,7318,3073,1533,1540,611,305,306
2019,113,Dallas County,41,41 yrs,36332,17986,18346,8991,4577,4414,7986,3456,4530,15857,8226,7631,2922,1475,1447,576,252,324
2019,113,Dallas County,42,42 yrs,35738,17501,18237,8830,4566,4264,7905,3407,4498,15606,7862,7744,2824,1395,1429,573,271,302
2019,113,Dallas County,43,43 yrs,35569,17260,18309,8651,4406,4245,7607,3225,4382,15696,7864,7832,3068,1495,1573,547,270,277
2019,113,Dallas County,44,44 yrs,36323,17957,18366,8944,4583,4361,7668,3339,4329,16210,8272,7938,2959,1504,1455,542,259,283
2019,113,Dallas County,45,45 yrs,34313,16700,17613,8552,4333,4219,7517,3213,4304,14990,7510,7480,2809,1429,1380,445,215,230
2019,113,Dallas County,46,46 yrs,34778,17196,17582,8915,4620,4295,7727,3382,4345,14891,7578,7313,2704,1355,1349,541,261,280
2019,113,Dallas County,47,47 yrs,35226,17351,17875,9487,4840,4647,7963,3512,4451,14659,7405,7254,2639,1365,1274,478,229,249
2019,113,Dallas County,48,48 yrs,35790,17518,18272,10384,5336,5048,8211,3563,4648,14084,7049,7035,2597,1341,1256,514,229,285
2019,113,Dallas County,49,49 yrs,35699,17609,18090,10462,5362,5100,7935,3466,4469,14359,7351,7008,2450,1193,1257,493,237,256
2019,113,Dallas County,50,50 yrs,32895,16564,16331,9849,5056,4793,7324,3343,3981,12977,6772,6205,2307,1184,1123,438,209,229
2019,113,Dallas County,51,51 yrs,32425,16127,16298,9634,4901,4733,7527,3367,4160,12682,6561,6121,2121,1080,1041,461,218,243
2019,113,Dallas County,52,52 yrs,31368,15642,15726,9653,4974,4679,7329,3274,4055,12098,6312,5786,1901,892,1009,387,190,197
2019,113,Dallas County,53,53 yrs,31536,15709,15827,9813,5005,4808,7665,3390,4275,11771,6180,5591,1877,933,944,410,201,209
2019,113,Dallas County,54,54 yrs,32955,16543,16412,11000,5692,5308,8115,3609,4506,11491,6088,5403,1881,934,947,468,220,248
2019,113,Dallas County,55,55 yrs,32276,16121,16155,11564,5814,5750,7787,3439,4348,10585,5689,4896,1888,943,945,452,236,216
2019,113,Dallas County,56,56 yrs,32094,15731,16363,12171,6125,6046,7658,3336,4322,9996,5169,4827,1820,879,941,449,222,227
2019,113,Dallas County,57,57 yrs,31308,15312,15996,12462,6147,6315,7531,3360,4171,9289,4835,4454,1643,785,858,383,185,198
2019,113,Dallas County,58,58 yrs,31423,15444,15979,12519,6221,6298,7579,3359,4220,9190,4817,4373,1716,850,866,419,197,222
2019,113,Dallas County,59,59 yrs,31138,15290,15848,12686,6252,6434,7515,3374,4141,8788,4644,4144,1731,803,928,418,217,201
2019,113,Dallas County,60,60 yrs,29290,14161,15129,12391,6143,6248,7019,3076,3943,7918,4056,3862,1602,715,887,360,171,189
2019,113,Dallas County,61,61 yrs,28612,13807,14805,12449,6138,6311,6824,3017,3807,7279,3692,3587,1666,765,901,394,195,199
2019,113,Dallas County,62,62 yrs,27384,13017,14367,12001,5806,6195,6511,2798,3713,6835,3460,3375,1679,789,890,358,164,194
2019,113,Dallas County,63,63 yrs,26072,12491,13581,11720,5775,5945,6067,2627,3440,6382,3214,3168,1551,704,847,352,171,181
2019,113,Dallas County,64,64 yrs,24797,11804,12993,11495,5566,5929,5664,2433,3231,5838,2964,2874,1479,703,776,321,138,183
2019,113,Dallas County,65,65 yrs,22376,10382,11994,10627,4972,5655,4964,2103,2861,5063,2511,2552,1418,657,761,304,139,165
2019,113,Dallas County,66,66 yrs,21729,10098,11631,10479,4968,5511,4785,2007,2778,4689,2319,2370,1469,674,795,307,130,177
2019,113,Dallas County,67,67 yrs,20084,9138,10946,9786,4550,5236,4588,1852,2736,4221,2031,2190,1214,576,638,275,129,146
2019,113,Dallas County,68,68 yrs,19176,8797,10379,9126,4284,4842,4507,1818,2689,4032,1994,2038,1273,587,686,238,114,124
2019,113,Dallas County,69,69 yrs,17996,8149,9847,8860,4088,4772,4132,1688,2444,3565,1703,1862,1212,571,641,227,99,128
2019,113,Dallas County,70,70 yrs,17071,7752,9319,8565,3940,4625,3983,1643,2340,3296,1599,1697,1027,485,542,200,85,115
2019,113,Dallas County,71,71 yrs,16820,7501,9319,8987,4083,4904,3774,1564,2210,2975,1347,1628,897,417,480,187,90,97
2019,113,Dallas County,72,72 yrs,15903,7090,8813,8987,4126,4861,3214,1303,1911,2720,1212,1508,800,377,423,182,72,110
2019,113,Dallas County,73,73 yrs,12376,5452,6924,6444,2888,3556,2711,1095,1616,2414,1097,1317,682,312,370,125,60,65
2019,113,Dallas County,74,74 yrs,12264,5293,6971,6530,2858,3672,2729,1045,1684,2165,1002,1163,696,332,364,144,56,88
2019,113,Dallas County,75,75 yrs,11558,5055,6503,6393,2903,3490,2373,945,1428,2051,878,1173,618,281,337,123,48,75
2019,113,Dallas County,76,76 yrs,10827,4625,6202,6167,2685,3482,2233,871,1362,1743,747,996,601,285,316,83,37,46
2019,113,Dallas County,77,77 yrs,9321,3909,5412,5304,2274,3030,1940,742,1198,1523,660,863,473,201,272,81,32,49
2019,113,Dallas County,78,78 yrs,8806,3663,5143,4996,2140,2856,1800,645,1155,1498,649,849,450,205,245,62,24,38
2019,113,Dallas County,79,79 yrs,7919,3261,4658,4535,1911,2624,1554,575,979,1357,564,793,414,192,222,59,19,40
2019,113,Dallas County,80,80 yrs,7263,3000,4263,4290,1825,2465,1371,503,868,1178,479,699,374,178,196,50,15,35
2019,113,Dallas County,81,81 yrs,6653,2742,3911,3967,1672,2295,1217,444,773,1090,450,640,339,162,177,40,14,26
2019,113,Dallas County,82,82 yrs,6032,2389,3643,3589,1449,2140,1130,393,737,954,390,564,323,145,178,36,12,24
2019,113,Dallas County,83,83 yrs,5651,2220,3431,3455,1404,2051,1013,324,689,876,360,516,268,123,145,39,9,30
2019,113,Dallas County,84,84 yrs,5364,2010,3354,3352,1259,2093,955,338,617,804,306,498,223,100,123,30,7,23
2019,113,Dallas County,85,85 yrs,4736,1791,2945,2988,1146,1842,860,277,583,688,283,405,180,79,101,20,6,14
2019,113,Dallas County,86,86 yrs,4276,1550,2726,2758,1031,1727,773,222,551,565,218,347,158,73,85,22,6,16
2019,113,Dallas County,87,87 yrs,3854,1400,2454,2588,963,1625,575,167,408,518,207,311,154,57,97,19,6,13
2019,113,Dallas County,88,88 yrs,3512,1217,2295,2343,832,1511,544,148,396,478,180,298,127,53,74,20,4,16
2019,113,Dallas County,89,89 yrs,3178,1061,2117,2104,725,1379,514,124,390,424,163,261,120,45,75,16,4,12
2019,113,Dallas County,90,90 yrs,2645,859,1786,1819,620,1199,417,96,321,303,103,200,94,37,57,12,3,9
2019,113,Dallas County,91,91 yrs,2117,664,1453,1468,464,1004,300,78,222,262,87,175,73,32,41,14,3,11
2019,113,Dallas County,92,92 yrs,1780,561,1219,1252,402,850,250,55,195,224,86,138,46,15,31,8,3,5
2019,113,Dallas County,93,93 yrs,1494,439,1055,1046,323,723,227,51,176,166,46,120,48,17,31,7,2,5
2019,113,Dallas County,94,94 yrs,1157,306,851,837,217,620,155,33,122,128,42,86,33,13,20,4,1,3
2019,113,Dallas County,95,95+ yrs,2813,695,2118,1933,474,1459,457,82,375,313,105,208,96,31,65,14,3,11
2020,113,Dallas County,-1,All Ages,2734111,1341558,1392553,779189,383337,395852,619686,286777,332909,1088629,550434,538195,189752,93786,95966,56855,27224,29631
2020,113,Dallas County,0,< 1 yr,42718,21770,20948,8996,4587,4409,8995,4583,4412,20489,10449,10040,2637,1339,1298,1601,812,789
2020,113,Dallas County,1,1 yr,42215,21514,20701,8978,4576,4402,8914,4540,4374,20140,10261,9879,2621,1340,1281,1562,797,765
2020,113,Dallas County,2,2 yrs,41976,21355,20621,8994,4585,4409,8915,4526,4389,19910,10137,9773,2622,1329,1293,1535,778,757
2020,113,Dallas County,3,3 yrs,41738,21247,20491,8988,4583,4405,8914,4527,4387,19709,10028,9681,2619,1338,1281,1508,771,737
2020,113,Dallas County,4,4 yrs,41509,21092,20417,8967,4572,4395,8903,4510,4393,19545,9938,9607,2616,1322,1294,1478,750,728
2020,113,Dallas County,5,5 yrs,41271,20986,20285,8926,4549,4377,8883,4503,4380,19411,9867,9544,2603,1326,1277,1448,741,707
2020,113,Dallas County,6,6 yrs,40992,20787,20205,8897,4530,4367,8826,4466,4360,19272,9773,9499,2581,1302,1279,1416,716,700
2020,113,Dallas County,7,7 yrs,40688,20628,20060,8854,4504,4350,8752,4436,4316,19156,9694,9462,2545,1293,1252,1381,701,680
2020,113,Dallas County,8,8 yrs,40360,20404,19956,8799,4472,4327,8660,4379,4281,19049,9620,9429,2507,1260,1247,1345,673,672
2020,113,Dallas County,9,9 yrs,40028,20233,19795,8742,4437,4305,8555,4334,4221,18961,9559,9402,2461,1243,1218,1309,660,649
2020,113,Dallas County,10,10 yrs,39133,19757,19376,6628,3410,3218,8610,4388,4222,20438,10190,10248,2237,1159,1078,1220,610,610
2020,113,Dallas County,11,11 yrs,39493,19941,19552,6547,3304,3243,8731,4393,4338,20748,10523,10225,2279,1151,1128,1188,570,618
2020,113,Dallas County,12,12 yrs,40602,20692,19910,6661,3343,3318,8873,4575,4298,21516,10996,10520,2334,1171,1163,1218,607,611
2020,113,Dallas County,13,13 yrs,40218,20540,19678,6583,3392,3191,8849,4566,4283,21471,10965,10506,2261,1121,1140,1054,496,558
2020,113,Dallas County,14,14 yrs,39473,20019,19454,6433,3283,3150,8730,4427,4303,21008,10653,10355,2259,1144,1115,1043,512,531
2020,113,Dallas County,15,15 yrs,38539,19574,18965,6456,3299,3157,8398,4262,4136,20567,10445,10122,2212,1125,1087,906,443,463
2020,113,Dallas County,16,16 yrs,38623,19607,19016,6712,3408,3304,8344,4168,4176,20272,10325,9947,2383,1257,1126,912,449,463
2020,113,Dallas County,17,17 yrs,38441,19451,18990,6811,3476,3335,8134,4070,4064,20148,10226,9922,2496,1253,1243,852,426,426
2020,113,Dallas County,18,18 yrs,37964,19349,18615,6690,3438,3252,7869,3999,3870,20286,10348,9938,2347,1179,1168,772,385,387
2020,113,Dallas County,19,19 yrs,36100,18468,17632,6303,3269,3034,7329,3784,3545,19231,9790,9441,2459,1263,1196,778,362,416
2020,113,Dallas County,20,20 yrs,36431,18405,18026,6599,3345,3254,7727,3855,3872,18938,9632,9306,2380,1182,1198,787,391,396
2020,113,Dallas County,21,21 yrs,36168,18083,18085,7015,3569,3446,7860,3924,3936,18064,8988,9076,2387,1222,1165,842,380,462
2020,113,Dallas County,22,22 yrs,37103,18509,18594,7646,3883,3763,8474,4258,4216,17522,8666,8856,2545,1268,1277,916,434,482
2020,113,Dallas County,23,23 yrs,39076,19258,19818,8986,4526,4460,9066,4415,4651,17274,8557,8717,2849,1336,1513,901,424,477
2020,113,Dallas County,24,24 yrs,40720,20031,20689,9730,4890,4840,9575,4766,4809,17300,8383,8917,3112,1499,1613,1003,493,510
2020,113,Dallas County,25,25 yrs,43278,21466,21812,10930,5578,5352,10702,5221,5481,17164,8505,8659,3380,1647,1733,1102,515,587
2020,113,Dallas County,26,26 yrs,43047,21204,21843,10885,5578,5307,10955,5305,5650,16696,8221,8475,3474,1619,1855,1037,481,556
2020,113,Dallas County,27,27 yrs,42714,21045,21669,10530,5429,5101,11672,5608,6064,16445,8089,8356,3021,1464,1557,1046,455,591
2020,113,Dallas County,28,28 yrs,42273,20978,21295,10863,5581,5282,11355,5546,5809,15943,7884,8059,3182,1539,1643,930,428,502
2020,113,Dallas County,29,29 yrs,42600,21061,21539,10931,5625,5306,11439,5430,6009,15960,7866,8094,3304,1686,1618,966,454,512
2020,113,Dallas County,30,30 yrs,42224,21013,21211,11120,5832,5288,11226,5218,6008,15499,7832,7667,3421,1689,1732,958,442,516
2020,113,Dallas County,31,31 yrs,40948,20302,20646,10788,5401,5387,10580,4921,5659,15122,7832,7290,3610,1784,1826,848,364,484
2020,113,Dallas County,32,32 yrs,41425,20695,20730,11423,5702,5721,10088,4646,5442,15477,7992,7485,3582,1988,1594,855,367,488
2020,113,Dallas County,33,33 yrs,41403,20371,21032,11809,5807,6002,9748,4475,5273,15477,8002,7475,3542,1762,1780,827,325,502
2020,113,Dallas County,34,34 yrs,41780,20444,21336,12156,5971,6185,9703,4321,5382,15346,7874,7472,3736,1878,1858,839,400,439
2020,113,Dallas County,35,35 yrs,40049,19874,20175,11560,5697,5863,9207,4178,5029,15056,7776,7280,3478,1895,1583,748,328,420
2020,113,Dallas County,36,36 yrs,39602,19496,20106,11114,5657,5457,8930,4017,4913,14995,7688,7307,3817,1779,2038,746,355,391
2020,113,Dallas County,37,37 yrs,40854,20061,20793,11191,5694,5497,9172,4060,5112,15799,8066,7733,3881,1877,2004,811,364,447
2020,113,Dallas County,38,38 yrs,39687,19670,20017,10717,5436,5281,8870,3951,4919,15657,8104,7553,3660,1815,1845,783,364,419
2020,113,Dallas County,39,39 yrs,39529,19397,20132,10438,5275,5163,8994,3955,5039,15992,8234,7758,3460,1619,1841,645,314,331
2020,113,Dallas County,40,40 yrs,39481,19557,19924,9885,5077,4808,8999,3938,5061,16372,8441,7931,3501,1743,1758,724,358,366
2020,113,Dallas County,41,41 yrs,36379,18072,18307,9082,4657,4425,8344,3678,4666,15211,7874,7337,3131,1560,1571,611,303,308
2020,113,Dallas County,42,42 yrs,36334,17960,18374,8930,4536,4394,7971,3445,4526,15875,8224,7651,2979,1502,1477,579,253,326
2020,113,Dallas County,43,43 yrs,35717,17458,18259,8773,4528,4245,7891,3400,4491,15606,7845,7761,2876,1418,1458,571,267,304
2020,113,Dallas County,44,44 yrs,35553,17218,18335,8590,4367,4223,7586,3211,4375,15710,7855,7855,3124,1518,1606,543,267,276
2020,113,Dallas County,45,45 yrs,36314,17938,18376,8875,4547,4328,7661,3338,4323,16219,8262,7957,3019,1534,1485,540,257,283
2020,113,Dallas County,46,46 yrs,34343,16689,17654,8511,4309,4202,7487,3197,4290,15037,7518,7519,2865,1451,1414,443,214,229
2020,113,Dallas County,47,47 yrs,34822,17192,17630,8872,4594,4278,7725,3386,4339,14934,7581,7353,2757,1375,1382,534,256,278
2020,113,Dallas County,48,48 yrs,35253,17349,17904,9440,4813,4627,7934,3502,4432,14708,7417,7291,2693,1388,1305,478,229,249
2020,113,Dallas County,49,49 yrs,35766,17477,18289,10322,5297,5025,8169,3543,4626,14121,7051,7070,2646,1361,1285,508,225,283
2020,113,Dallas County,50,50 yrs,35699,17602,18097,10394,5327,5067,7908,3460,4448,14411,7368,7043,2497,1211,1286,489,236,253
2020,113,Dallas County,51,51 yrs,32804,16513,16291,9750,5005,4745,7279,3317,3962,12994,6777,6217,2346,1204,1142,435,210,225
2020,113,Dallas County,52,52 yrs,32298,16048,16250,9529,4845,4684,7477,3339,4138,12681,6549,6132,2156,1097,1059,455,218,237
2020,113,Dallas County,53,53 yrs,31228,15548,15680,9544,4916,4628,7272,3238,4034,12098,6300,5798,1933,906,1027,381,188,193
2020,113,Dallas County,54,54 yrs,31388,15617,15771,9701,4944,4757,7608,3359,4249,11765,6165,5600,1907,947,960,407,202,205
2020,113,Dallas County,55,55 yrs,32910,16487,16423,10923,5635,5288,8081,3582,4499,11523,6098,5425,1914,949,965,469,223,246
2020,113,Dallas County,56,56 yrs,32071,15982,16089,11412,5730,5682,7721,3399,4322,10579,5670,4909,1917,953,964,442,230,212
2020,113,Dallas County,57,57 yrs,31868,15578,16290,12006,6034,5972,7582,3288,4294,9990,5150,4840,1849,889,960,441,217,224
2020,113,Dallas County,58,58 yrs,31067,15155,15912,12286,6051,6235,7454,3311,4143,9283,4819,4464,1668,793,875,376,181,195
2020,113,Dallas County,59,59 yrs,31163,15273,15890,12337,6120,6217,7497,3306,4191,9176,4796,4380,1743,859,884,410,192,218
2020,113,Dallas County,60,60 yrs,30878,15126,15752,12502,6154,6348,7432,3322,4110,8775,4626,4149,1759,812,947,410,212,198
2020,113,Dallas County,61,61 yrs,28807,13878,14929,12088,5975,6113,6893,2998,3895,7844,4010,3834,1627,728,899,355,167,188
2020,113,Dallas County,62,62 yrs,28118,13521,14597,12136,5967,6169,6695,2940,3755,7205,3644,3561,1692,779,913,390,191,199
2020,113,Dallas County,63,63 yrs,26891,12736,14155,11692,5639,6053,6381,2722,3659,6763,3414,3349,1704,803,901,351,158,193
2020,113,Dallas County,64,64 yrs,25572,12207,13365,11408,5604,5804,5938,2553,3385,6306,3167,3139,1574,716,858,346,167,179
2020,113,Dallas County,65,65 yrs,24314,11540,12774,11178,5397,5781,5546,2368,3178,5772,2925,2847,1501,715,786,317,135,182
2020,113,Dallas County,66,66 yrs,21898,10117,11781,10353,4822,5531,4873,2052,2821,4978,2458,2520,1403,651,752,291,134,157
2020,113,Dallas County,67,67 yrs,21229,9822,11407,10194,4812,5382,4691,1957,2734,4604,2264,2340,1448,665,783,292,124,168
2020,113,Dallas County,68,68 yrs,19599,8875,10724,9509,4400,5109,4495,1804,2691,4141,1981,2160,1191,566,625,263,124,139
2020,113,Dallas County,69,69 yrs,18681,8523,10158,8854,4135,4719,4406,1765,2641,3946,1938,2008,1249,576,673,226,109,117
2020,113,Dallas County,70,70 yrs,17507,7884,9623,8583,3938,4645,4034,1638,2396,3488,1655,1833,1188,560,628,214,93,121
2020,113,Dallas County,71,71 yrs,16664,7516,9148,8339,3812,4527,3890,1592,2298,3230,1555,1675,1017,479,538,188,78,110
2020,113,Dallas County,72,72 yrs,16383,7249,9134,8733,3941,4792,3676,1508,2168,2916,1309,1607,884,409,475,174,82,92
2020,113,Dallas County,73,73 yrs,15454,6834,8620,8721,3976,4745,3119,1252,1867,2659,1173,1486,786,368,418,169,65,104
2020,113,Dallas County,74,74 yrs,12009,5241,6768,6238,2773,3465,2629,1050,1579,2356,1059,1297,669,304,365,117,55,62
2020,113,Dallas County,75,75 yrs,11868,5075,6793,6308,2738,3570,2640,999,1641,2105,965,1140,682,323,359,133,50,83
2020,113,Dallas County,76,76 yrs,11157,4844,6313,6160,2780,3380,2276,896,1380,2001,848,1153,608,278,330,112,42,70
2020,113,Dallas County,77,77 yrs,10409,4409,6000,5921,2559,3362,2132,820,1312,1694,719,975,587,279,308,75,32,43
2020,113,Dallas County,78,78 yrs,8927,3708,5219,5074,2157,2917,1847,696,1151,1476,632,844,458,196,262,72,27,45
2020,113,Dallas County,79,79 yrs,8404,3462,4942,4762,2022,2740,1707,604,1103,1444,618,826,436,198,238,55,20,35
2020,113,Dallas County,80,80 yrs,7522,3066,4456,4301,1795,2506,1467,535,932,1302,535,767,399,185,214,53,16,37
2020,113,Dallas County,81,81 yrs,6923,2826,4097,4080,1717,2363,1303,468,835,1136,458,678,359,170,189,45,13,32
2020,113,Dallas County,82,82 yrs,6303,2566,3737,3749,1562,2187,1149,410,739,1047,428,619,323,154,169,35,12,23
2020,113,Dallas County,83,83 yrs,5673,2216,3457,3370,1344,2026,1059,359,700,908,367,541,306,136,170,30,10,20
2020,113,Dallas County,84,84 yrs,5285,2043,3242,3222,1291,1931,946,294,652,830,336,494,253,115,138,34,7,27
2020,113,Dallas County,85,85 yrs,4980,1834,3146,3102,1147,1955,887,305,582,755,283,472,210,93,117,26,6,20
2020,113,Dallas County,86,86 yrs,4350,1619,2731,2736,1032,1704,785,248,537,641,260,381,170,74,96,18,5,13
2020,113,Dallas County,87,87 yrs,3881,1381,2500,2497,917,1580,697,194,503,520,197,323,148,68,80,19,5,14
2020,113,Dallas County,88,88 yrs,3454,1229,2225,2311,842,1469,513,143,370,471,186,285,142,53,89,17,5,12
2020,113,Dallas County,89,89 yrs,3108,1057,2051,2062,716,1346,480,129,351,432,160,272,117,49,68,17,3,14
2020,113,Dallas County,90,90 yrs,2773,901,1872,1825,613,1212,449,103,346,377,142,235,109,40,69,13,3,10
2020,113,Dallas County,91,91 yrs,2259,714,1545,1546,513,1033,355,78,277,264,88,176,85,33,52,9,2,7
2020,113,Dallas County,92,92 yrs,1781,542,1239,1223,375,848,257,63,194,224,73,151,64,28,36,13,3,10
2020,113,Dallas County,93,93 yrs,1460,447,1013,1018,315,703,209,46,163,188,71,117,39,13,26,6,2,4
2020,113,Dallas County,94,94 yrs,1189,334,855,826,245,581,181,38,143,138,37,101,39,13,26,5,1,4
2020,113,Dallas County,95,95+ yrs,2951,726,2225,2010,487,1523,476,85,391,347,115,232,105,36,69,13,3,10
2021,113,Dallas County,-1,All Ages,2771223,1358678,1412545,777457,382665,394792,629778,291581,338197,1106947,558362,548585,198353,97970,100383,58688,28100,30588
2021,113,Dallas County,0,< 1 yr,43096,21988,21108,8889,4533,4356,9075,4632,4443,20782,10599,10183,2712,1388,1324,1638,836,802
2021,113,Dallas County,1,1 yr,42600,21685,20915,8881,4526,4355,9002,4576,4426,20416,10401,10015,2700,1370,1330,1601,812,789
2021,113,Dallas County,2,2 yrs,42344,21568,20776,8908,4541,4367,9013,4585,4428,20159,10264,9895,2691,1375,1316,1573,803,770
2021,113,Dallas County,3,3 yrs,42106,21409,20697,8923,4549,4374,9016,4572,4444,19929,10141,9788,2690,1362,1328,1548,785,763
2021,113,Dallas County,4,4 yrs,41872,21303,20569,8919,4548,4371,9016,4574,4442,19729,10032,9697,2688,1371,1317,1520,778,742
2021,113,Dallas County,5,5 yrs,41638,21147,20491,8897,4537,4360,9004,4557,4447,19564,9941,9623,2683,1355,1328,1490,757,733
2021,113,Dallas County,6,6 yrs,41384,21012,20372,8885,4524,4361,8972,4548,4424,19402,9842,9560,2664,1354,1310,1461,744,717
2021,113,Dallas County,7,7 yrs,41101,20813,20288,8855,4504,4351,8914,4511,4403,19263,9749,9514,2641,1330,1311,1428,719,709
2021,113,Dallas County,8,8 yrs,40797,20653,20144,8812,4478,4334,8839,4479,4360,19147,9670,9477,2605,1321,1284,1394,705,689
2021,113,Dallas County,9,9 yrs,40460,20425,20035,8756,4445,4311,8743,4421,4322,19038,9595,9443,2565,1287,1278,1358,677,681
2021,113,Dallas County,10,10 yrs,40126,20252,19874,8700,4411,4289,8637,4375,4262,18951,9534,9417,2518,1269,1249,1320,663,657
2021,113,Dallas County,11,11 yrs,39241,19816,19425,6596,3386,3210,8594,4380,4214,20519,10243,10276,2315,1199,1116,1217,608,609
2021,113,Dallas County,12,12 yrs,39595,19999,19596,6512,3279,3233,8710,4382,4328,20830,10578,10252,2359,1192,1167,1184,568,616
2021,113,Dallas County,13,13 yrs,40702,20750,19952,6624,3318,3306,8848,4563,4285,21601,11053,10548,2415,1212,1203,1214,604,610
2021,113,Dallas County,14,14 yrs,40312,20597,19715,6544,3365,3179,8821,4554,4267,21556,11023,10533,2341,1161,1180,1050,494,556
2021,113,Dallas County,15,15 yrs,39530,20058,19472,6413,3280,3133,8681,4397,4284,21062,10688,10374,2333,1182,1151,1041,511,530
2021,113,Dallas County,16,16 yrs,39542,20036,19506,6754,3439,3315,8490,4301,4189,20917,10597,10320,2465,1254,1211,916,445,471
2021,113,Dallas County,17,17 yrs,39277,19875,19402,6931,3496,3435,8301,4130,4171,20525,10428,10097,2620,1381,1239,900,440,460
2021,113,Dallas County,18,18 yrs,37467,19008,18459,6531,3377,3154,7684,3877,3807,19814,10036,9778,2590,1300,1290,848,418,430
2021,113,Dallas County,19,19 yrs,36172,18424,17748,6100,3103,2997,7452,3800,3652,19463,9937,9526,2388,1203,1185,769,381,388
2021,113,Dallas County,20,20 yrs,37302,18975,18327,6545,3390,3155,7486,3841,3645,19727,9969,9758,2740,1410,1330,804,365,439
2021,113,Dallas County,21,21 yrs,37694,18903,18791,6928,3502,3426,8187,4041,4146,19083,9643,9440,2660,1302,1358,836,415,421
2021,113,Dallas County,22,22 yrs,37792,18735,19057,7544,3826,3718,8388,4153,4235,18252,8989,9263,2705,1355,1350,903,412,491
2021,113,Dallas County,23,23 yrs,39104,19394,19710,8485,4294,4191,8975,4478,4497,17730,8713,9017,2932,1450,1482,982,459,523
2021,113,Dallas County,24,24 yrs,40940,20110,20830,9712,4913,4799,9531,4616,4915,17542,8646,8896,3185,1482,1703,970,453,517
2021,113,Dallas County,25,25 yrs,42579,20833,21746,10472,5269,5203,10111,4993,5118,17457,8412,9045,3475,1640,1835,1064,519,545
2021,113,Dallas County,26,26 yrs,43813,21740,22073,11022,5657,5365,11014,5369,5645,17089,8426,8663,3557,1764,1793,1131,524,607
2021,113,Dallas County,27,27 yrs,43336,21293,22043,10816,5576,5240,11252,5425,5827,16568,8106,8462,3641,1696,1945,1059,490,569
2021,113,Dallas County,28,28 yrs,43114,21259,21855,10573,5495,5078,11956,5754,6202,16329,7990,8339,3190,1558,1632,1066,462,604
2021,113,Dallas County,29,29 yrs,42465,20989,21476,10730,5517,5213,11647,5664,5983,15789,7755,8034,3357,1625,1732,942,428,514
2021,113,Dallas County,30,30 yrs,42896,21166,21730,10921,5650,5271,11713,5544,6169,15834,7765,8069,3432,1737,1695,996,470,526
2021,113,Dallas County,31,31 yrs,42429,21102,21327,11024,5778,5246,11451,5325,6126,15403,7755,7648,3585,1798,1787,966,446,520
2021,113,Dallas County,32,32 yrs,40919,20251,20668,10646,5335,5311,10734,5007,5727,14993,7729,7264,3706,1821,1885,840,359,481
2021,113,Dallas County,33,33 yrs,41414,20668,20746,11276,5636,5640,10253,4725,5528,15321,7869,7452,3700,2066,1634,864,372,492
2021,113,Dallas County,34,34 yrs,41271,20279,20992,11639,5718,5921,9882,4552,5330,15298,7878,7420,3627,1804,1823,825,327,498
2021,113,Dallas County,35,35 yrs,41683,20359,21324,11975,5884,6091,9843,4388,5455,15205,7772,7433,3825,1919,1906,835,396,439
2021,113,Dallas County,36,36 yrs,39932,19780,20152,11426,5622,5804,9258,4197,5061,14957,7703,7254,3536,1924,1612,755,334,421
2021,113,Dallas County,37,37 yrs,39514,19402,20112,10989,5587,5402,8983,4038,4945,14908,7615,7293,3888,1809,2079,746,353,393
2021,113,Dallas County,38,38 yrs,40719,19938,20781,11057,5618,5439,9214,4071,5143,15687,7979,7708,3951,1905,2046,810,365,445
2021,113,Dallas County,39,39 yrs,39550,19566,19984,10589,5367,5222,8899,3959,4940,15552,8031,7521,3726,1842,1884,784,367,417
2021,113,Dallas County,40,40 yrs,39426,19309,20117,10312,5210,5102,9050,3982,5068,15898,8158,7740,3523,1645,1878,643,314,329
2021,113,Dallas County,41,41 yrs,39514,19543,19971,9833,5043,4790,9001,3933,5068,16388,8436,7952,3568,1775,1793,724,356,368
2021,113,Dallas County,42,42 yrs,36384,18047,18337,9022,4616,4406,8330,3669,4661,15226,7870,7356,3192,1588,1604,614,304,310
2021,113,Dallas County,43,43 yrs,36316,17920,18396,8873,4498,4375,7956,3438,4518,15875,8207,7668,3035,1527,1508,577,250,327
2021,113,Dallas County,44,44 yrs,35696,17414,18282,8711,4489,4222,7869,3384,4485,15621,7837,7784,2927,1439,1488,568,265,303
2021,113,Dallas County,45,45 yrs,35546,17200,18346,8523,4333,4190,7577,3209,4368,15719,7845,7874,3187,1548,1639,540,265,275
2021,113,Dallas County,46,46 yrs,36349,17928,18421,8833,4523,4310,7632,3323,4309,16267,8269,7998,3078,1557,1521,539,256,283
2021,113,Dallas County,47,47 yrs,34388,16687,17701,8470,4285,4185,7483,3201,4282,15077,7519,7558,2921,1472,1449,437,210,227
2021,113,Dallas County,48,48 yrs,34853,17190,17663,8829,4569,4260,7696,3376,4320,14982,7592,7390,2813,1397,1416,533,256,277
2021,113,Dallas County,49,49 yrs,35242,17314,17928,9385,4779,4606,7895,3483,4412,14744,7418,7326,2745,1409,1336,473,225,248
2021,113,Dallas County,50,50 yrs,35764,17468,18296,10254,5261,4993,8138,3535,4603,14171,7066,7105,2696,1381,1315,505,225,280
2021,113,Dallas County,51,51 yrs,35601,17545,18056,10289,5272,5017,7858,3431,4427,14429,7373,7056,2540,1231,1309,485,238,247
2021,113,Dallas County,52,52 yrs,32682,16435,16247,9644,4948,4696,7231,3290,3941,12992,6765,6227,2385,1223,1162,430,209,221
2021,113,Dallas County,53,53 yrs,32157,15955,16202,9423,4789,4634,7415,3300,4115,12680,6537,6143,2192,1114,1078,447,215,232
2021,113,Dallas County,54,54 yrs,31084,15456,15628,9435,4856,4579,7216,3207,4009,12090,6284,5806,1965,920,1045,378,189,189
2021,113,Dallas County,55,55 yrs,31359,15570,15789,9637,4894,4743,7574,3333,4241,11799,6176,5623,1941,962,979,408,205,203
2021,113,Dallas County,56,56 yrs,32711,16346,16365,10779,5554,5225,8013,3539,4474,11517,6077,5440,1943,959,984,459,217,242
2021,113,Dallas County,57,57 yrs,31852,15834,16018,11257,5645,5612,7642,3350,4292,10570,5649,4921,1948,964,984,435,226,209
2021,113,Dallas County,58,58 yrs,31632,15422,16210,11837,5940,5897,7502,3238,4264,9983,5133,4850,1878,899,979,432,212,220
2021,113,Dallas County,59,59 yrs,30808,14986,15822,12109,5954,6155,7370,3257,4113,9268,4798,4470,1694,801,893,367,176,191
2021,113,Dallas County,60,60 yrs,30905,15114,15791,12158,6025,6133,7413,3255,4158,9163,4777,4386,1770,869,901,401,188,213
2021,113,Dallas County,61,61 yrs,30376,14833,15543,12196,5987,6209,7299,3240,4059,8692,4573,4119,1786,827,959,403,206,197
2021,113,Dallas County,62,62 yrs,28311,13591,14720,11782,5808,5974,6762,2920,3842,7763,3958,3805,1654,742,912,350,163,187
2021,113,Dallas County,63,63 yrs,27610,13228,14382,11824,5796,6028,6560,2860,3700,7128,3596,3532,1716,792,924,382,184,198
2021,113,Dallas County,64,64 yrs,26389,12458,13931,11382,5473,5909,6247,2647,3600,6683,3365,3318,1731,818,913,346,155,191
2021,113,Dallas County,65,65 yrs,25088,11939,13149,11096,5434,5662,5815,2485,3330,6237,3127,3110,1599,729,870,341,164,177
2021,113,Dallas County,66,66 yrs,23795,11248,12547,10890,5236,5654,5443,2311,3132,5675,2863,2812,1484,708,776,303,130,173
2021,113,Dallas County,67,67 yrs,21396,9841,11555,10072,4670,5402,4776,2001,2775,4888,2400,2488,1383,642,741,277,128,149
2021,113,Dallas County,68,68 yrs,20718,9542,11176,9906,4655,5251,4594,1906,2688,4516,2208,2308,1423,654,769,279,119,160
2021,113,Dallas County,69,69 yrs,19096,8598,10498,9227,4247,4980,4394,1751,2643,4055,1926,2129,1170,556,614,250,118,132
2021,113,Dallas County,70,70 yrs,18178,8248,9930,8578,3985,4593,4302,1713,2589,3861,1884,1977,1223,563,660,214,103,111
2021,113,Dallas County,71,71 yrs,17094,7647,9447,8358,3811,4547,3940,1587,2353,3419,1610,1809,1176,553,623,201,86,115
2021,113,Dallas County,72,72 yrs,16239,7269,8970,8106,3681,4425,3789,1535,2254,3164,1511,1653,1003,470,533,177,72,105
2021,113,Dallas County,73,73 yrs,15921,6988,8933,8475,3798,4677,3567,1449,2118,2850,1267,1583,868,399,469,161,75,86
2021,113,Dallas County,74,74 yrs,14992,6570,8422,8444,3820,4624,3024,1200,1824,2596,1133,1463,771,358,413,157,59,98
2021,113,Dallas County,75,75 yrs,11621,5025,6596,6026,2658,3368,2542,1003,1539,2291,1020,1271,655,295,360,107,49,58
2021,113,Dallas County,76,76 yrs,11453,4862,6591,6079,2622,3457,2533,947,1586,2050,931,1119,671,319,352,120,43,77
2021,113,Dallas County,77,77 yrs,10727,4620,6107,5916,2652,3264,2173,844,1329,1943,816,1127,594,272,322,101,36,65
2021,113,Dallas County,78,78 yrs,9976,4187,5789,5667,2429,3238,2032,770,1262,1640,688,952,571,273,298,66,27,39
2021,113,Dallas County,79,79 yrs,8517,3504,5013,4837,2039,2798,1751,652,1099,1421,601,820,444,189,255,64,23,41
2021,113,Dallas County,80,80 yrs,7981,3253,4728,4517,1899,2618,1611,561,1050,1384,585,799,421,191,230,48,17,31
2021,113,Dallas County,81,81 yrs,7172,2889,4283,4092,1690,2402,1393,497,896,1257,512,745,383,176,207,47,14,33
2021,113,Dallas County,82,82 yrs,6558,2644,3914,3854,1603,2251,1231,433,798,1092,436,656,342,161,181,39,11,28
2021,113,Dallas County,83,83 yrs,5933,2382,3551,3520,1448,2072,1077,375,702,999,404,595,307,145,162,30,10,20
2021,113,Dallas County,84,84 yrs,5311,2043,3268,3144,1236,1908,990,327,663,861,344,517,290,128,162,26,8,18
2021,113,Dallas County,85,85 yrs,4903,1864,3039,2980,1176,1804,878,264,614,779,311,468,237,107,130,29,6,23
2021,113,Dallas County,86,86 yrs,4575,1659,2916,2842,1033,1809,809,273,536,704,261,443,198,87,111,22,5,17
2021,113,Dallas County,87,87 yrs,3954,1444,2510,2478,917,1561,709,217,492,590,236,354,160,69,91,17,5,12
2021,113,Dallas County,88,88 yrs,3482,1211,2271,2230,801,1429,625,167,458,474,177,297,137,62,75,16,4,12
2021,113,Dallas County,89,89 yrs,3056,1067,1989,2035,726,1309,454,125,329,423,164,259,130,48,82,14,4,10
2021,113,Dallas County,90,90 yrs,2717,899,1818,1791,606,1185,423,107,316,383,140,243,106,44,62,14,2,12
2021,113,Dallas County,91,91 yrs,2371,750,1621,1552,507,1045,382,83,299,328,122,206,99,36,63,10,2,8
2021,113,Dallas County,92,92 yrs,1904,583,1321,1289,415,874,306,63,243,226,74,152,75,29,46,8,2,6
2021,113,Dallas County,93,93 yrs,1465,435,1030,996,294,702,216,54,162,189,61,128,55,24,31,9,2,7
2021,113,Dallas County,94,94 yrs,1163,341,822,805,239,566,166,34,132,155,57,98,32,10,22,5,1,4
2021,113,Dallas County,95,95+ yrs,3084,773,2311,2059,518,1541,515,93,422,381,119,262,117,41,76,12,2,10
2022,113,Dallas County,-1,All Ages,2808441,1375790,1432651,775504,381878,393626,639801,296354,343447,1125334,566295,559039,207242,102278,104964,60560,28985,31575
2022,113,Dallas County,0,< 1 yr,43484,22161,21323,8777,4476,4301,9147,4661,4486,21092,10756,10336,2794,1419,1375,1674,849,825
2022,113,Dallas County,1,1 yr,42974,21903,21071,8774,4473,4301,9081,4625,4456,20706,10550,10156,2774,1418,1356,1639,837,802
2022,113,Dallas County,2,2 yrs,42728,21739,20989,8809,4490,4319,9103,4622,4481,20433,10404,10029,2771,1405,1366,1612,818,794
2022,113,Dallas County,3,3 yrs,42470,21619,20851,8836,4504,4332,9114,4631,4483,20176,10267,9909,2760,1408,1352,1584,809,775
2022,113,Dallas County,4,4 yrs,42234,21461,20773,8852,4513,4339,9117,4618,4499,19946,10143,9803,2760,1396,1364,1559,791,768
2022,113,Dallas County,5,5 yrs,41997,21352,20645,8848,4512,4336,9118,4620,4498,19744,10033,9711,2755,1403,1352,1532,784,748
2022,113,Dallas County,6,6 yrs,41749,21172,20577,8855,4511,4344,9092,4601,4491,19552,9915,9637,2746,1384,1362,1504,761,743
2022,113,Dallas County,7,7 yrs,41492,21036,20456,8842,4497,4345,9057,4591,4466,19392,9817,9575,2727,1383,1344,1474,748,726
2022,113,Dallas County,8,8 yrs,41208,20837,20371,8812,4478,4334,9000,4554,4446,19251,9723,9528,2704,1359,1345,1441,723,718
2022,113,Dallas County,9,9 yrs,40898,20674,20224,8768,4451,4317,8923,4521,4402,19134,9644,9490,2667,1350,1317,1406,708,698
2022,113,Dallas County,10,10 yrs,40559,20446,20113,8713,4419,4294,8825,4462,4363,19025,9569,9456,2625,1315,1310,1371,681,690
2022,113,Dallas County,11,11 yrs,40226,20309,19917,8663,4384,4279,8610,4363,4247,19029,9587,9442,2607,1314,1293,1317,661,656
2022,113,Dallas County,12,12 yrs,39339,19873,19466,6561,3362,3199,8572,4369,4203,20597,10295,10302,2396,1241,1155,1213,606,607
2022,113,Dallas County,13,13 yrs,39690,20055,19635,6474,3254,3220,8686,4371,4315,20909,10631,10278,2440,1233,1207,1181,566,615
2022,113,Dallas County,14,14 yrs,40792,20805,19987,6584,3292,3292,8818,4549,4269,21683,11109,10574,2497,1253,1244,1210,602,608
2022,113,Dallas County,15,15 yrs,40365,20637,19728,6524,3362,3162,8771,4525,4246,21606,11058,10548,2417,1199,1218,1047,493,554
2022,113,Dallas County,16,16 yrs,40549,20527,20022,6711,3419,3292,8772,4436,4336,21415,10840,10575,2600,1319,1281,1051,513,538
2022,113,Dallas County,17,17 yrs,40211,20305,19906,6973,3526,3447,8449,4264,4185,21176,10701,10475,2709,1378,1331,904,436,468
2022,113,Dallas County,18,18 yrs,38307,19439,18868,6645,3397,3248,7848,3935,3913,20192,10239,9953,2726,1436,1290,896,432,464
2022,113,Dallas County,19,19 yrs,35745,18115,17630,5957,3048,2909,7274,3682,3592,19021,9639,9382,2649,1333,1316,844,413,431
2022,113,Dallas County,20,20 yrs,37371,18927,18444,6335,3219,3116,7617,3861,3756,19961,10117,9844,2663,1345,1318,795,385,410
2022,113,Dallas County,21,21 yrs,38591,19495,19096,6872,3550,3322,7939,4028,3911,19874,9980,9894,3054,1550,1504,852,387,465
2022,113,Dallas County,22,22 yrs,39350,19562,19788,7451,3754,3697,8725,4274,4451,19268,9643,9625,3010,1442,1568,896,449,447
2022,113,Dallas County,23,23 yrs,39805,19619,20186,8376,4235,4141,8886,4367,4519,18462,9035,9427,3114,1547,1567,967,435,532
2022,113,Dallas County,24,24 yrs,40947,20248,20699,9179,4666,4513,9435,4681,4754,18000,8800,9200,3277,1610,1667,1056,491,565
2022,113,Dallas County,25,25 yrs,42798,20903,21895,10457,5296,5161,10064,4837,5227,17694,8674,9020,3555,1620,1935,1028,476,552
2022,113,Dallas County,26,26 yrs,43090,21092,21998,10562,5345,5217,10407,5136,5271,17379,8330,9049,3650,1753,1897,1092,528,564
2022,113,Dallas County,27,27 yrs,44103,21837,22266,10956,5658,5298,11310,5488,5822,16954,8307,8647,3729,1850,1879,1154,534,620
2022,113,Dallas County,28,28 yrs,43749,21514,22235,10862,5645,5217,11525,5565,5960,16448,8006,8442,3836,1801,2035,1078,497,581
2022,113,Dallas County,29,29 yrs,43300,21267,22033,10445,5434,5011,12259,5876,6383,16166,7857,8309,3352,1639,1713,1078,461,617
2022,113,Dallas County,30,30 yrs,42722,21071,21651,10698,5528,5170,11921,5779,6142,15653,7647,8006,3481,1675,1806,969,442,527
2022,113,Dallas County,31,31 yrs,43105,21261,21844,10826,5597,5229,11943,5655,6288,15732,7685,8047,3599,1850,1749,1005,474,531
2022,113,Dallas County,32,32 yrs,42391,21047,21344,10877,5706,5171,11615,5416,6199,15267,7649,7618,3674,1835,1839,958,441,517
2022,113,Dallas County,33,33 yrs,40915,20216,20699,10507,5272,5235,10903,5090,5813,14836,7606,7230,3819,1884,1935,850,364,486
2022,113,Dallas County,34,34 yrs,41302,20593,20709,11113,5550,5563,10396,4806,5590,15143,7747,7396,3787,2115,1672,863,375,488
2022,113,Dallas County,35,35 yrs,41174,20195,20979,11462,5633,5829,10023,4623,5400,15156,7775,7381,3712,1841,1871,821,323,498
2022,113,Dallas County,36,36 yrs,41581,20272,21309,11837,5808,6029,9903,4412,5491,15105,7698,7407,3893,1951,1942,843,403,440
2022,113,Dallas County,37,37 yrs,39830,19684,20146,11297,5551,5746,9310,4217,5093,14868,7629,7239,3599,1954,1645,756,333,423
2022,113,Dallas County,38,38 yrs,39386,19282,20104,10856,5512,5344,9024,4048,4976,14803,7532,7271,3958,1836,2122,745,354,391
2022,113,Dallas County,39,39 yrs,40581,19832,20749,10925,5547,5378,9245,4079,5166,15578,7905,7673,4022,1933,2089,811,368,443
2022,113,Dallas County,40,40 yrs,39450,19481,19969,10460,5301,5159,8956,3987,4969,15458,7954,7504,3793,1871,1922,783,368,415
2022,113,Dallas County,41,41 yrs,39455,19289,20166,10259,5175,5084,9053,3977,5076,15912,8152,7760,3590,1674,1916,641,311,330
2022,113,Dallas County,42,42 yrs,39518,19513,20005,9767,4999,4768,8983,3920,5063,16404,8431,7973,3637,1806,1831,727,357,370
2022,113,Dallas County,43,43 yrs,36367,18007,18360,8966,4579,4387,8315,3662,4653,15223,7852,7371,3251,1614,1637,612,300,312
2022,113,Dallas County,44,44 yrs,36292,17875,18417,8811,4459,4352,7934,3422,4512,15886,8197,7689,3088,1550,1538,573,247,326
2022,113,Dallas County,45,45 yrs,35685,17393,18292,8643,4455,4188,7861,3382,4479,15628,7826,7802,2986,1467,1519,567,263,304
2022,113,Dallas County,46,46 yrs,35585,17191,18394,8484,4310,4174,7548,3194,4354,15765,7852,7913,3249,1571,1678,539,264,275
2022,113,Dallas County,47,47 yrs,36399,17927,18472,8791,4498,4293,7628,3327,4301,16308,8269,8039,3140,1581,1559,532,252,280
2022,113,Dallas County,48,48 yrs,34426,16689,17737,8429,4262,4167,7454,3192,4262,15126,7530,7596,2981,1496,1485,436,209,227
2022,113,Dallas County,49,49 yrs,34847,17156,17691,8779,4537,4242,7655,3356,4299,15019,7593,7426,2867,1418,1449,527,252,275
2022,113,Dallas County,50,50 yrs,35253,17312,17941,9324,4747,4577,7867,3477,4390,14794,7432,7362,2798,1431,1367,470,225,245
2022,113,Dallas County,51,51 yrs,35665,17411,18254,10150,5207,4943,8085,3505,4580,14188,7069,7119,2742,1404,1338,500,226,274
2022,113,Dallas County,52,52 yrs,35467,17462,18005,10176,5212,4964,7803,3401,4402,14427,7360,7067,2581,1250,1331,480,239,241
2022,113,Dallas County,53,53 yrs,32543,16346,16197,9535,4891,4644,7172,3254,3918,12990,6752,6238,2423,1242,1181,423,207,216
2022,113,Dallas County,54,54 yrs,32015,15868,16147,9315,4731,4584,7356,3268,4088,12672,6520,6152,2228,1132,1096,444,217,227
2022,113,Dallas County,55,55 yrs,31062,15410,15652,9375,4808,4567,7183,3181,4002,12124,6294,5830,2001,935,1066,379,192,187
2022,113,Dallas County,56,56 yrs,31180,15445,15735,9511,4825,4686,7508,3294,4214,11790,6153,5637,1971,973,998,400,200,200
2022,113,Dallas County,57,57 yrs,32495,16196,16299,10631,5471,5160,7932,3488,4444,11507,6054,5453,1974,970,1004,451,213,238
2022,113,Dallas County,58,58 yrs,31623,15684,15939,11098,5558,5540,7560,3300,4260,10559,5630,4929,1979,975,1004,427,221,206
2022,113,Dallas County,59,59 yrs,31379,15255,16124,11665,5845,5820,7417,3185,4232,9967,5110,4857,1906,908,998,424,207,217
2022,113,Dallas County,60,60 yrs,30552,14826,15726,11934,5861,6073,7285,3206,4079,9252,4777,4475,1721,810,911,360,172,188
2022,113,Dallas County,61,61 yrs,30410,14825,15585,11860,5861,5999,7278,3173,4105,9077,4723,4354,1799,885,914,396,183,213
2022,113,Dallas County,62,62 yrs,29858,14532,15326,11887,5819,6068,7159,3156,4003,8600,4513,4087,1813,842,971,399,202,197
2022,113,Dallas County,63,63 yrs,27804,13300,14504,11478,5642,5836,6624,2839,3785,7680,3906,3774,1678,755,923,344,158,186
2022,113,Dallas County,64,64 yrs,27092,12936,14156,11509,5625,5884,6422,2781,3641,7042,3543,3499,1743,807,936,376,180,196
2022,113,Dallas County,65,65 yrs,25893,12189,13704,11069,5307,5762,6118,2576,3542,6607,3321,3286,1757,833,924,342,152,190
2022,113,Dallas County,66,66 yrs,24552,11634,12918,10809,5271,5538,5705,2424,3281,6132,3061,3071,1580,721,859,326,157,169
2022,113,Dallas County,67,67 yrs,23253,10944,12309,10595,5073,5522,5335,2253,3082,5571,2795,2776,1464,699,765,288,124,164
2022,113,Dallas County,68,68 yrs,20888,9564,11324,9789,4518,5271,4680,1950,2730,4796,2342,2454,1359,632,727,264,122,142
2022,113,Dallas County,69,69 yrs,20185,9248,10937,9612,4494,5118,4491,1852,2639,4423,2148,2275,1395,641,754,264,113,151
2022,113,Dallas County,70,70 yrs,18586,8323,10263,8944,4094,4850,4291,1700,2591,3969,1873,2096,1146,544,602,236,112,124
2022,113,Dallas County,71,71 yrs,17751,7998,9753,8353,3856,4497,4204,1660,2544,3783,1832,1951,1211,556,655,200,94,106
2022,113,Dallas County,72,72 yrs,16662,7397,9265,8124,3680,4444,3840,1531,2309,3351,1565,1786,1159,542,617,188,79,109
2022,113,Dallas County,73,73 yrs,15786,7011,8775,7869,3549,4320,3677,1476,2201,3091,1463,1628,985,458,527,164,65,99
2022,113,Dallas County,74,74 yrs,15447,6719,8728,8206,3649,4557,3458,1389,2069,2781,1224,1557,852,389,463,150,68,82
2022,113,Dallas County,75,75 yrs,14508,6301,8207,8156,3661,4495,2926,1148,1778,2525,1091,1434,755,348,407,146,53,93
2022,113,Dallas County,76,76 yrs,11215,4813,6402,5805,2544,3261,2438,951,1487,2232,984,1248,643,291,352,97,43,54
2022,113,Dallas County,77,77 yrs,11016,4638,6378,5839,2500,3339,2421,892,1529,1990,895,1095,658,313,345,108,38,70
2022,113,Dallas County,78,78 yrs,10280,4387,5893,5661,2518,3143,2070,792,1278,1881,781,1100,577,265,312,91,31,60
2022,113,Dallas County,79,79 yrs,9520,3957,5563,5400,2295,3105,1927,721,1206,1581,655,926,553,263,290,59,23,36
2022,113,Dallas County,80,80 yrs,8089,3293,4796,4588,1916,2672,1652,605,1047,1362,569,793,430,183,247,57,20,37
2022,113,Dallas County,81,81 yrs,7611,3067,4544,4297,1788,2509,1531,522,1009,1336,560,776,405,183,222,42,14,28
2022,113,Dallas County,82,82 yrs,6796,2702,4094,3868,1578,2290,1317,460,857,1205,486,719,364,166,198,42,12,30
2022,113,Dallas County,83,83 yrs,6175,2455,3720,3620,1487,2133,1157,397,760,1040,411,629,324,151,173,34,9,25
2022,113,Dallas County,84,84 yrs,5551,2194,3357,3284,1333,1951,1005,340,665,946,377,569,290,136,154,26,8,18
2022,113,Dallas County,85,85 yrs,4930,1864,3066,2910,1127,1783,918,294,624,809,319,490,271,118,153,22,6,16
2022,113,Dallas County,86,86 yrs,4510,1689,2821,2732,1061,1671,802,236,566,725,286,439,225,101,124,26,5,21
2022,113,Dallas County,87,87 yrs,4162,1481,2681,2577,919,1658,731,240,491,649,237,412,186,81,105,19,4,15
2022,113,Dallas County,88,88 yrs,3550,1268,2282,2215,802,1413,635,186,449,538,213,325,147,63,84,15,4,11
2022,113,Dallas County,89,89 yrs,3084,1054,2030,1965,691,1274,553,146,407,427,157,270,126,57,69,13,3,10
2022,113,Dallas County,90,90 yrs,2671,908,1763,1766,615,1151,401,104,297,375,143,232,117,43,74,12,3,9
2022,113,Dallas County,91,91 yrs,2323,749,1574,1525,503,1022,360,86,274,333,120,213,95,39,56,10,1,9
2022,113,Dallas County,92,92 yrs,2004,615,1389,1298,412,886,330,68,262,282,103,179,87,31,56,7,1,6
2022,113,Dallas County,93,93 yrs,1570,468,1102,1050,326,724,259,54,205,191,62,129,65,25,40,5,1,4
2022,113,Dallas County,94,94 yrs,1171,333,838,789,223,566,172,40,132,156,49,107,47,20,27,7,1,6
2022,113,Dallas County,95,95+ yrs,3172,816,2356,2081,536,1545,532,96,436,423,139,284,122,42,80,14,3,11
2023,113,Dallas County,-1,All Ages,2845619,1392878,1452741,773306,380943,392363,649705,301095,348610,1143733,574211,569522,216428,106745,109683,62447,29884,32563
2023,113,Dallas County,0,< 1 yr,43884,22391,21493,8664,4418,4246,9210,4701,4509,21412,10920,10492,2885,1477,1408,1713,875,838
2023,113,Dallas County,1,1 yr,43360,22074,21286,8661,4415,4246,9154,4654,4500,21012,10705,10307,2858,1450,1408,1675,850,825
2023,113,Dallas County,2,2 yrs,43099,21953,21146,8702,4436,4266,9180,4670,4510,20720,10550,10170,2846,1453,1393,1651,844,807
2023,113,Dallas County,3,3 yrs,42851,21791,21060,8738,4454,4284,9200,4667,4533,20446,10405,10041,2843,1440,1403,1624,825,799
2023,113,Dallas County,4,4 yrs,42592,21670,20922,8764,4468,4296,9214,4677,4537,20188,10267,9921,2830,1442,1388,1596,816,780
2023,113,Dallas County,5,5 yrs,42357,21511,20846,8780,4476,4304,9218,4664,4554,19959,10144,9815,2829,1429,1400,1571,798,773
2023,113,Dallas County,6,6 yrs,42104,21375,20729,8805,4485,4320,9205,4664,4541,19729,10005,9724,2820,1433,1387,1545,788,757
2023,113,Dallas County,7,7 yrs,41853,21192,20661,8812,4484,4328,9178,4644,4534,19538,9887,9651,2809,1413,1396,1516,764,752
2023,113,Dallas County,8,8 yrs,41597,21059,20538,8799,4471,4328,9144,4634,4510,19376,9789,9587,2790,1413,1377,1488,752,736
2023,113,Dallas County,9,9 yrs,41310,20859,20451,8769,4451,4318,9085,4597,4488,19236,9696,9540,2766,1388,1378,1454,727,727
2023,113,Dallas County,10,10 yrs,40997,20694,20303,8725,4425,4300,9007,4563,4444,19118,9616,9502,2728,1378,1350,1419,712,707
2023,113,Dallas County,11,11 yrs,40654,20500,20154,8676,4392,4284,8795,4448,4347,19102,9621,9481,2715,1361,1354,1366,678,688
2023,113,Dallas County,12,12 yrs,40314,20358,19956,8623,4355,4268,8578,4348,4230,19105,9638,9467,2695,1358,1337,1313,659,654
2023,113,Dallas County,13,13 yrs,39431,19927,19504,6526,3337,3189,8547,4358,4189,20671,10345,10326,2479,1284,1195,1208,603,605
2023,113,Dallas County,14,14 yrs,39776,20105,19671,6434,3227,3207,8656,4356,4300,20985,10683,10302,2525,1276,1249,1176,563,613
2023,113,Dallas County,15,15 yrs,40845,20844,20001,6563,3289,3274,8766,4518,4248,21731,11142,10589,2581,1296,1285,1204,599,605
2023,113,Dallas County,16,16 yrs,41401,21117,20284,6828,3506,3322,8866,4567,4299,21958,11210,10748,2691,1339,1352,1058,495,563
2023,113,Dallas County,17,17 yrs,41232,20802,20430,6929,3506,3423,8729,4397,4332,21676,10944,10732,2859,1452,1407,1039,503,536
2023,113,Dallas County,18,18 yrs,39244,19865,19379,6681,3423,3258,7993,4063,3930,20846,10514,10332,2821,1435,1386,903,430,473
2023,113,Dallas County,19,19 yrs,36589,18554,18035,6061,3066,2995,7436,3740,3696,19400,9844,9556,2798,1476,1322,894,428,466
2023,113,Dallas County,20,20 yrs,36949,18623,18326,6188,3164,3024,7434,3741,3693,19500,9810,9690,2955,1491,1464,872,417,455
2023,113,Dallas County,21,21 yrs,38640,19429,19211,6650,3370,3280,8070,4045,4025,20108,10126,9982,2970,1480,1490,842,408,434
2023,113,Dallas County,22,22 yrs,40275,20178,20097,7389,3805,3584,8469,4263,4206,20060,9978,10082,3444,1713,1731,913,419,494
2023,113,Dallas County,23,23 yrs,41401,20451,20950,8272,4153,4119,9238,4494,4744,19477,9689,9788,3456,1641,1815,958,474,484
2023,113,Dallas County,24,24 yrs,41657,20467,21190,9065,4604,4461,9343,4563,4780,18732,9119,9613,3478,1716,1762,1039,465,574
2023,113,Dallas County,25,25 yrs,42779,21039,21740,9891,5031,4860,9960,4904,5056,18152,8826,9326,3657,1763,1894,1119,515,604
2023,113,Dallas County,26,26 yrs,43300,21149,22151,10548,5372,5176,10357,4976,5381,17608,8587,9021,3732,1730,2002,1055,484,571
2023,113,Dallas County,27,27 yrs,43361,21179,22182,10497,5345,5152,10687,5251,5436,17241,8209,9032,3823,1837,1986,1113,537,576
2023,113,Dallas County,28,28 yrs,44524,22074,22450,11007,5731,5276,11581,5630,5951,16831,8205,8626,3931,1966,1965,1174,542,632
2023,113,Dallas County,29,29 yrs,43936,21521,22415,10728,5580,5148,11813,5681,6132,16283,7872,8411,4023,1892,2131,1089,496,593
2023,113,Dallas County,30,30 yrs,43550,21345,22205,10408,5443,4965,12544,5994,6550,16022,7745,8277,3468,1688,1780,1108,475,633
2023,113,Dallas County,31,31 yrs,42869,21127,21742,10586,5467,5119,12144,5888,6256,15540,7560,7980,3623,1767,1856,976,445,531
2023,113,Dallas County,32,32 yrs,43069,21211,21858,10678,5526,5152,12115,5752,6363,15592,7578,8014,3687,1886,1801,997,469,528
2023,113,Dallas County,33,33 yrs,42382,21012,21370,10732,5636,5096,11797,5506,6291,15106,7526,7580,3780,1898,1882,967,446,521
2023,113,Dallas County,34,34 yrs,40813,20138,20675,10352,5189,5163,11051,5175,5876,14658,7484,7174,3905,1924,1981,847,366,481
2023,113,Dallas County,35,35 yrs,41221,20521,20700,10943,5466,5477,10547,4881,5666,14999,7643,7356,3873,2160,1713,859,371,488
2023,113,Dallas County,36,36 yrs,41069,20104,20965,11330,5559,5771,10084,4648,5436,15052,7699,7353,3777,1870,1907,826,328,498
2023,113,Dallas County,37,37 yrs,41488,20175,21313,11705,5735,5970,9963,4433,5530,15013,7623,7390,3965,1983,1982,842,401,441
2023,113,Dallas County,38,38 yrs,39690,19565,20125,11161,5476,5685,9350,4227,5123,14762,7545,7217,3661,1983,1678,756,334,422
2023,113,Dallas County,39,39 yrs,39257,19181,20076,10726,5442,5284,9056,4057,4999,14700,7462,7238,4029,1863,2166,746,357,389
2023,113,Dallas County,40,40 yrs,40480,19745,20735,10794,5479,5315,9303,4107,5196,15480,7828,7652,4094,1962,2132,809,369,440
2023,113,Dallas County,41,41 yrs,39474,19460,20014,10404,5265,5139,8956,3981,4975,15469,7946,7523,3864,1903,1961,781,365,416
2023,113,Dallas County,42,42 yrs,39455,19256,20199,10190,5129,5061,9037,3966,5071,15926,8146,7780,3658,1703,1955,644,312,332
2023,113,Dallas County,43,43 yrs,39499,19469,20030,9705,4958,4747,8967,3912,5055,16401,8412,7989,3703,1835,1868,723,352,371
2023,113,Dallas County,44,44 yrs,36344,17964,18380,8904,4540,4364,8293,3647,4646,15232,7842,7390,3307,1638,1669,608,297,311
2023,113,Dallas County,45,45 yrs,36280,17855,18425,8742,4424,4318,7924,3419,4505,15892,8186,7706,3151,1581,1570,571,245,326
2023,113,Dallas County,46,46 yrs,35717,17379,18338,8604,4431,4173,7830,3365,4465,15672,7832,7840,3045,1489,1556,566,262,304
2023,113,Dallas County,47,47 yrs,35643,17193,18450,8445,4287,4158,7547,3200,4347,15805,7851,7954,3314,1595,1719,532,260,272
2023,113,Dallas County,48,48 yrs,36437,17929,18508,8747,4473,4274,7599,3318,4281,16358,8280,8078,3203,1607,1596,530,251,279
2023,113,Dallas County,49,49 yrs,34428,16663,17765,8380,4232,4148,7416,3175,4241,15162,7531,7631,3039,1519,1520,431,206,225
2023,113,Dallas County,50,50 yrs,34861,17154,17707,8721,4507,4214,7625,3348,4277,15069,7608,7461,2922,1439,1483,524,252,272
2023,113,Dallas County,51,51 yrs,35168,17263,17905,9230,4699,4531,7817,3449,4368,14810,7434,7376,2845,1455,1390,466,226,240
2023,113,Dallas County,52,52 yrs,35530,17329,18201,10037,5147,4890,8027,3474,4553,14186,7056,7130,2786,1426,1360,494,226,268
2023,113,Dallas County,53,53 yrs,35321,17367,17954,10063,5153,4910,7739,3363,4376,14426,7346,7080,2621,1269,1352,472,236,236
2023,113,Dallas County,54,54 yrs,32405,16259,16146,9425,4831,4594,7116,3223,3893,12981,6735,6246,2463,1262,1201,420,208,212
2023,113,Dallas County,55,55 yrs,31993,15825,16168,9255,4683,4572,7321,3242,4079,12703,6528,6175,2268,1151,1117,446,221,225
2023,113,Dallas County,56,56 yrs,30891,15288,15603,9250,4739,4511,7121,3144,3977,12116,6272,5844,2032,945,1087,372,188,184
2023,113,Dallas County,57,57 yrs,30981,15305,15676,9380,4753,4627,7430,3246,4184,11778,6128,5650,2002,983,1019,391,195,196
2023,113,Dallas County,58,58 yrs,32268,16043,16225,10479,5386,5093,7847,3435,4412,11495,6033,5462,2005,981,1024,442,208,234
2023,113,Dallas County,59,59 yrs,31373,15521,15852,10937,5469,5468,7472,3247,4225,10539,5605,4934,2007,984,1023,418,216,202
2023,113,Dallas County,60,60 yrs,31129,15099,16030,11499,5756,5743,7330,3134,4196,9951,5089,4862,1934,917,1017,415,203,212
2023,113,Dallas County,61,61 yrs,30061,14542,15519,11642,5702,5940,7152,3125,4027,9165,4723,4442,1748,825,923,354,167,187
2023,113,Dallas County,62,62 yrs,29895,14528,15367,11560,5698,5862,7137,3089,4048,8981,4661,4320,1826,901,925,391,179,212
2023,113,Dallas County,63,63 yrs,29329,14226,15103,11578,5651,5927,7013,3069,3944,8508,4454,4054,1839,857,982,391,195,196
2023,113,Dallas County,64,64 yrs,27290,13009,14281,11174,5476,5698,6484,2760,3724,7588,3849,3739,1704,769,935,340,155,185
2023,113,Dallas County,65,65 yrs,26584,12656,13928,11193,5455,5738,6288,2706,3582,6963,3497,3466,1768,821,947,372,177,195
2023,113,Dallas County,66,66 yrs,25345,11883,13462,10783,5148,5635,6004,2514,3490,6496,3251,3245,1736,825,911,326,145,181
2023,113,Dallas County,67,67 yrs,23995,11320,12675,10517,5107,5410,5590,2363,3227,6020,2989,3031,1557,711,846,311,150,161
2023,113,Dallas County,68,68 yrs,22701,10637,12064,10298,4910,5388,5224,2194,3030,5466,2727,2739,1439,688,751,274,118,156
2023,113,Dallas County,69,69 yrs,20359,9272,11087,9501,4363,5138,4575,1894,2681,4698,2279,2419,1334,620,714,251,116,135
2023,113,Dallas County,70,70 yrs,19647,8955,10692,9317,4333,4984,4385,1798,2587,4328,2089,2239,1367,628,739,250,107,143
2023,113,Dallas County,71,71 yrs,18151,8073,10078,8713,3963,4750,4192,1647,2545,3892,1823,2069,1133,537,596,221,103,118
2023,113,Dallas County,72,72 yrs,17305,7739,9566,8121,3725,4396,4097,1602,2495,3707,1781,1926,1194,545,649,186,86,100
2023,113,Dallas County,73,73 yrs,16205,7136,9069,7887,3548,4339,3729,1473,2256,3274,1514,1760,1140,530,610,175,71,104
2023,113,Dallas County,74,74 yrs,15326,6747,8579,7622,3411,4211,3568,1417,2151,3015,1413,1602,968,447,521,153,59,94
2023,113,Dallas County,75,75 yrs,14951,6445,8506,7929,3499,4430,3343,1327,2016,2707,1180,1527,833,377,456,139,62,77
2023,113,Dallas County,76,76 yrs,13999,6035,7964,7859,3505,4354,2806,1088,1718,2461,1053,1408,741,343,398,132,46,86
2023,113,Dallas County,77,77 yrs,10787,4590,6197,5575,2426,3149,2329,896,1433,2167,946,1221,629,285,344,87,37,50
2023,113,Dallas County,78,78 yrs,10558,4405,6153,5589,2374,3215,2309,838,1471,1924,856,1068,639,305,334,97,32,65
2023,113,Dallas County,79,79 yrs,9810,4149,5661,5397,2382,3015,1962,742,1220,1812,743,1069,559,256,303,80,26,54
2023,113,Dallas County,80,80 yrs,9041,3719,5322,5121,2156,2965,1819,670,1149,1514,619,895,535,255,280,52,19,33
2023,113,Dallas County,81,81 yrs,7710,3103,4607,4365,1804,2561,1569,563,1006,1313,544,769,413,175,238,50,17,33
2023,113,Dallas County,82,82 yrs,7212,2870,4342,4062,1671,2391,1446,482,964,1281,532,749,386,173,213,37,12,25
2023,113,Dallas County,83,83 yrs,6401,2509,3892,3634,1464,2170,1237,421,816,1148,458,690,346,156,190,36,10,26
2023,113,Dallas County,84,84 yrs,5780,2263,3517,3378,1369,2009,1080,361,719,986,384,602,307,142,165,29,7,22
2023,113,Dallas County,85,85 yrs,5154,2003,3151,3040,1216,1824,933,306,627,887,349,538,272,126,146,22,6,16
2023,113,Dallas County,86,86 yrs,4536,1687,2849,2668,1016,1652,837,261,576,754,294,460,257,111,146,20,5,15
2023,113,Dallas County,87,87 yrs,4104,1511,2593,2475,944,1531,727,208,519,668,260,408,212,95,117,22,4,18
2023,113,Dallas County,88,88 yrs,3739,1302,2437,2306,805,1501,655,207,448,591,213,378,171,74,97,16,3,13
2023,113,Dallas County,89,89 yrs,3149,1106,2043,1953,692,1261,564,164,400,484,189,295,136,58,78,12,3,9
2023,113,Dallas County,90,90 yrs,2694,898,1796,1708,586,1122,482,121,361,378,137,241,114,51,63,12,3,9
2023,113,Dallas County,91,91 yrs,2288,758,1530,1504,510,994,342,84,258,327,123,204,106,39,67,9,2,7
2023,113,Dallas County,92,92 yrs,1963,613,1350,1273,407,866,311,70,241,286,101,185,84,34,50,9,1,8
2023,113,Dallas County,93,93 yrs,1652,493,1159,1057,323,734,278,58,220,236,84,152,76,27,49,5,1,4
2023,113,Dallas County,94,94 yrs,1256,359,897,833,248,585,207,40,167,158,50,108,53,20,33,5,1,4
2023,113,Dallas County,95,95+ yrs,3245,841,2404,2087,537,1550,550,103,447,455,147,308,138,51,87,15,3,12
2024,113,Dallas County,-1,All Ages,2882853,1409931,1472922,770904,379890,391014,659467,305773,353694,1162151,582120,580031,225950,111348,114602,64381,30800,33581
2024,113,Dallas County,0,< 1 yr,44290,22574,21716,8552,4362,4190,9266,4721,4545,21741,11088,10653,2980,1514,1466,1751,889,862
2024,113,Dallas County,1,1 yr,43753,22300,21453,8548,4357,4191,9214,4693,4521,21328,10867,10461,2949,1508,1441,1714,875,839
2024,113,Dallas County,2,2 yrs,43480,22122,21358,8589,4378,4211,9252,4699,4553,21023,10704,10319,2929,1484,1445,1687,857,830
2024,113,Dallas County,3,3 yrs,43215,22000,21215,8629,4399,4230,9277,4714,4563,20730,10549,10181,2916,1487,1429,1663,851,812
2024,113,Dallas County,4,4 yrs,42974,21840,21134,8666,4418,4248,9300,4712,4588,20458,10404,10054,2914,1474,1440,1636,832,804
2024,113,Dallas County,5,5 yrs,42716,21720,20996,8692,4431,4261,9314,4722,4592,20200,10267,9933,2901,1476,1425,1609,824,785
2024,113,Dallas County,6,6 yrs,42461,21532,20929,8736,4449,4287,9304,4707,4597,19943,10115,9828,2895,1460,1435,1583,801,782
2024,113,Dallas County,7,7 yrs,42208,21396,20812,8761,4458,4303,9290,4706,4584,19712,9976,9736,2886,1464,1422,1559,792,767
2024,113,Dallas County,8,8 yrs,41955,21213,20742,8767,4457,4310,9263,4686,4577,19520,9858,9662,2875,1444,1431,1530,768,762
2024,113,Dallas County,9,9 yrs,41697,21080,20617,8755,4444,4311,9229,4677,4552,19357,9760,9597,2855,1443,1412,1501,756,745
2024,113,Dallas County,10,10 yrs,41407,20879,20528,8725,4425,4300,9168,4639,4529,19218,9667,9551,2830,1418,1412,1466,730,736
2024,113,Dallas County,11,11 yrs,41095,20750,20345,8688,4398,4290,8977,4550,4427,19194,9667,9527,2822,1426,1396,1414,709,705
2024,113,Dallas County,12,12 yrs,40746,20552,20194,8637,4364,4273,8764,4434,4330,19176,9671,9505,2808,1408,1400,1361,675,686
2024,113,Dallas County,13,13 yrs,40396,20406,19990,8580,4326,4254,8545,4332,4213,19175,9686,9489,2787,1405,1382,1309,657,652
2024,113,Dallas County,14,14 yrs,39516,19978,19538,6487,3311,3176,8519,4345,4174,20742,10393,10349,2564,1328,1236,1204,601,603
2024,113,Dallas County,15,15 yrs,39827,20143,19684,6415,3226,3189,8605,4327,4278,21028,10712,10316,2607,1317,1290,1172,561,611
2024,113,Dallas County,16,16 yrs,41899,21328,20571,6867,3429,3438,8856,4557,4299,22084,11295,10789,2873,1444,1429,1219,603,616
2024,113,Dallas County,17,17 yrs,42106,21404,20702,7050,3595,3455,8829,4533,4296,22220,11315,10905,2960,1475,1485,1047,486,561
2024,113,Dallas County,18,18 yrs,40261,20359,19902,6638,3405,3233,8264,4192,4072,21339,10751,10588,2982,1515,1467,1038,496,542
2024,113,Dallas County,19,19 yrs,37513,18972,18541,6089,3087,3002,7577,3863,3714,20048,10118,9930,2897,1478,1419,902,426,476
2024,113,Dallas County,20,20 yrs,37816,19079,18737,6295,3182,3113,7599,3800,3799,19882,10017,9865,3117,1647,1470,923,433,490
2024,113,Dallas County,21,21 yrs,38226,19129,19097,6494,3311,3183,7882,3923,3959,19637,9816,9821,3289,1637,1652,924,442,482
2024,113,Dallas County,22,22 yrs,40310,20095,20215,7155,3614,3541,8605,4279,4326,20297,10124,10173,3350,1636,1714,903,442,461
2024,113,Dallas County,23,23 yrs,42359,21099,21260,8207,4212,3995,8972,4484,4488,20270,10023,10247,3934,1938,1996,976,442,534
2024,113,Dallas County,24,24 yrs,43294,21309,21985,8952,4514,4438,9708,4696,5012,19748,9775,9973,3856,1817,2039,1030,507,523
2024,113,Dallas County,25,25 yrs,43500,21254,22246,9771,4967,4804,9867,4780,5087,18882,9142,9740,3879,1877,2002,1101,488,613
2024,113,Dallas County,26,26 yrs,43277,21291,21986,9981,5106,4875,10248,5043,5205,18060,8736,9324,3841,1883,1958,1147,523,624
2024,113,Dallas County,27,27 yrs,43561,21226,22335,10483,5373,5110,10632,5087,5545,17464,8462,9002,3906,1812,2094,1076,492,584
2024,113,Dallas County,28,28 yrs,43757,21399,22358,10545,5415,5130,10941,5386,5555,17115,8105,9010,4024,1949,2075,1132,544,588
2024,113,Dallas County,29,29 yrs,44710,22088,22622,10872,5665,5207,11868,5746,6122,16657,8067,8590,4125,2068,2057,1188,542,646
2024,113,Dallas County,30,30 yrs,44184,21597,22587,10688,5588,5100,12085,5793,6292,16135,7758,8377,4159,1949,2210,1117,509,608
2024,113,Dallas County,31,31 yrs,43667,21382,22285,10293,5380,4913,12770,6104,6666,15899,7654,8245,3592,1767,1825,1113,477,636
2024,113,Dallas County,32,32 yrs,42809,21063,21746,10432,5391,5041,12312,5983,6329,15392,7449,7943,3705,1800,1905,968,440,528
2024,113,Dallas County,33,33 yrs,43059,21179,21880,10534,5457,5077,12304,5849,6455,15425,7452,7973,3792,1948,1844,1004,473,531
2024,113,Dallas County,34,34 yrs,42270,20929,21341,10570,5545,5025,11955,5597,6358,14924,7403,7521,3857,1936,1921,964,448,516
2024,113,Dallas County,35,35 yrs,40742,20063,20679,10188,5106,5082,11208,5256,5952,14513,7380,7133,3990,1959,2031,843,362,481
2024,113,Dallas County,36,36 yrs,41123,20439,20684,10816,5395,5421,10608,4905,5703,14896,7568,7328,3938,2194,1744,865,377,488
2024,113,Dallas County,37,37 yrs,40978,20011,20967,11203,5490,5713,10145,4673,5472,14959,7622,7337,3844,1899,1945,827,327,500
2024,113,Dallas County,38,38 yrs,41360,20056,21304,11565,5658,5907,10011,4445,5566,14905,7538,7367,4037,2013,2024,842,402,440
2024,113,Dallas County,39,39 yrs,39546,19462,20084,11028,5407,5621,9381,4235,5146,14656,7473,7183,3724,2011,1713,757,336,421
2024,113,Dallas County,40,40 yrs,39158,19098,20060,10597,5376,5221,9111,4084,5027,14606,7388,7218,4100,1892,2208,744,358,386
2024,113,Dallas County,41,41 yrs,40509,19725,20784,10739,5443,5296,9304,4101,5203,15487,7819,7668,4171,1996,2175,808,366,442
2024,113,Dallas County,42,42 yrs,39478,19430,20048,10335,5219,5116,8939,3969,4970,15482,7940,7542,3939,1936,2003,783,366,417
2024,113,Dallas County,43,43 yrs,39433,19208,20225,10127,5087,5040,9020,3957,5063,15921,8126,7795,3724,1730,1994,641,308,333
2024,113,Dallas County,44,44 yrs,39477,19420,20057,9638,4915,4723,8942,3894,5048,16409,8400,8009,3770,1863,1907,718,348,370
2024,113,Dallas County,45,45 yrs,36333,17945,18388,8835,4505,4330,8284,3645,4639,15235,7830,7405,3373,1670,1703,606,295,311
2024,113,Dallas County,46,46 yrs,36316,17845,18471,8702,4400,4302,7894,3403,4491,15937,8193,7744,3214,1605,1609,569,244,325
2024,113,Dallas County,47,47 yrs,35768,17379,18389,8564,4407,4157,7827,3370,4457,15711,7832,7879,3108,1513,1595,558,257,301
2024,113,Dallas County,48,48 yrs,35685,17196,18489,8404,4264,4140,7517,3191,4326,15853,7861,7992,3381,1621,1760,530,259,271
2024,113,Dallas County,49,49 yrs,36437,17898,18539,8696,4442,4254,7559,3300,4259,16393,8278,8115,3265,1631,1634,524,247,277
2024,113,Dallas County,50,50 yrs,34447,16663,17784,8323,4202,4121,7384,3167,4217,15212,7545,7667,3099,1543,1556,429,206,223
2024,113,Dallas County,51,51 yrs,34785,17109,17676,8634,4462,4172,7575,3320,4255,15086,7611,7475,2970,1462,1508,520,254,266
2024,113,Dallas County,52,52 yrs,35053,17191,17862,9131,4647,4484,7761,3419,4342,14808,7420,7388,2892,1478,1414,461,227,234
2024,113,Dallas County,53,53 yrs,35384,17236,18148,9925,5088,4837,7959,3434,4525,14183,7042,7141,2831,1448,1383,486,224,262
2024,113,Dallas County,54,54 yrs,35168,17273,17895,9947,5091,4856,7675,3328,4347,14416,7329,7087,2664,1289,1375,466,236,230
2024,113,Dallas County,55,55 yrs,32376,16213,16163,9360,4781,4579,7081,3197,3884,13010,6743,6267,2505,1282,1223,420,210,210
2024,113,Dallas County,56,56 yrs,31821,15702,16119,9132,4616,4516,7256,3203,4053,12695,6505,6190,2302,1163,1139,436,215,221
2024,113,Dallas County,57,57 yrs,30702,15152,15550,9121,4668,4453,7047,3098,3949,12104,6247,5857,2065,955,1110,365,184,181
2024,113,Dallas County,58,58 yrs,30776,15166,15610,9246,4679,4567,7348,3196,4152,11765,6106,5659,2033,994,1039,384,191,193
2024,113,Dallas County,59,59 yrs,32024,15878,16146,10326,5300,5026,7759,3380,4379,11472,6004,5468,2035,991,1044,432,203,229
2024,113,Dallas County,60,60 yrs,31131,15369,15762,10779,5385,5394,7384,3196,4188,10518,5581,4937,2039,995,1044,411,212,199
2024,113,Dallas County,61,61 yrs,30638,14814,15824,11215,5599,5616,7192,3052,4140,9857,5031,4826,1964,934,1030,410,198,212
2024,113,Dallas County,62,62 yrs,29554,14252,15302,11349,5544,5805,7011,3042,3969,9069,4662,4407,1774,840,934,351,164,187
2024,113,Dallas County,63,63 yrs,29369,14228,15141,11259,5534,5725,6989,3003,3986,8885,4601,4284,1851,916,935,385,174,211
2024,113,Dallas County,64,64 yrs,28788,13918,14870,11270,5484,5786,6861,2982,3879,8405,4389,4016,1867,872,995,385,191,194
2024,113,Dallas County,65,65 yrs,26776,12726,14050,10866,5309,5557,6346,2684,3662,7500,3798,3702,1729,783,946,335,152,183
2024,113,Dallas County,66,66 yrs,26028,12341,13687,10904,5292,5612,6172,2642,3530,6847,3424,3423,1750,814,936,355,169,186
2024,113,Dallas County,67,67 yrs,24780,11570,13210,10492,4988,5504,5884,2452,3432,6381,3176,3205,1712,815,897,311,139,172
2024,113,Dallas County,68,68 yrs,23426,11000,12426,10221,4941,5280,5472,2300,3172,5907,2917,2990,1530,699,831,296,143,153
2024,113,Dallas County,69,69 yrs,22125,10313,11812,9994,4742,5252,5107,2131,2976,5352,2653,2699,1411,674,737,261,113,148
2024,113,Dallas County,70,70 yrs,19822,8981,10841,9211,4206,5005,4468,1840,2628,4598,2217,2381,1308,608,700,237,110,127
2024,113,Dallas County,71,71 yrs,19192,8689,10503,9075,4195,4880,4284,1742,2542,4244,2033,2211,1354,620,734,235,99,136
2024,113,Dallas County,72,72 yrs,17701,7814,9887,8473,3828,4645,4087,1590,2497,3815,1773,2042,1119,528,591,207,95,112
2024,113,Dallas County,73,73 yrs,16831,7467,9364,7884,3592,4292,3981,1542,2439,3621,1724,1897,1172,531,641,173,78,95
2024,113,Dallas County,74,74 yrs,15738,6870,8868,7640,3410,4230,3619,1415,2204,3196,1464,1732,1119,516,603,164,65,99
2024,113,Dallas County,75,75 yrs,14840,6477,8363,7366,3271,4095,3452,1357,2095,2933,1362,1571,948,434,514,141,53,88
2024,113,Dallas County,76,76 yrs,14428,6172,8256,7641,3350,4291,3205,1258,1947,2637,1138,1499,819,372,447,126,54,72
2024,113,Dallas County,77,77 yrs,13461,5756,7705,7546,3343,4203,2680,1024,1656,2390,1013,1377,725,336,389,120,40,80
2024,113,Dallas County,78,78 yrs,10342,4360,5982,5335,2303,3032,2221,842,1379,2097,905,1192,611,278,333,78,32,46
2024,113,Dallas County,79,79 yrs,10080,4167,5913,5329,2245,3084,2190,786,1404,1853,814,1039,621,295,326,87,27,60
2024,113,Dallas County,80,80 yrs,9319,3903,5416,5119,2239,2880,1852,691,1161,1736,703,1033,541,248,293,71,22,49
2024,113,Dallas County,81,81 yrs,8623,3509,5114,4873,2031,2842,1729,625,1104,1461,593,868,514,244,270,46,16,30
2024,113,Dallas County,82,82 yrs,7304,2902,4402,4125,1685,2440,1483,521,962,1260,517,743,393,165,228,43,14,29
2024,113,Dallas County,83,83 yrs,6795,2669,4126,3815,1551,2264,1359,442,917,1222,503,719,367,163,204,32,10,22
2024,113,Dallas County,84,84 yrs,5993,2314,3679,3393,1349,2044,1155,384,771,1087,427,660,327,146,181,31,8,23
2024,113,Dallas County,85,85 yrs,5367,2066,3301,3128,1249,1879,1003,325,678,925,355,570,287,131,156,24,6,18
2024,113,Dallas County,86,86 yrs,4741,1813,2928,2788,1098,1690,850,271,579,826,320,506,257,119,138,20,5,15
2024,113,Dallas County,87,87 yrs,4135,1512,2623,2420,905,1515,760,232,528,695,267,428,242,104,138,18,4,14
2024,113,Dallas County,88,88 yrs,3691,1332,2359,2215,828,1387,653,179,474,608,234,374,196,88,108,19,3,16
2024,113,Dallas County,89,89 yrs,3321,1137,2184,2036,696,1340,580,181,399,534,190,344,158,68,90,13,2,11
2024,113,Dallas County,90,90 yrs,2753,943,1810,1699,588,1111,491,136,355,429,165,264,124,52,72,10,2,8
2024,113,Dallas County,91,91 yrs,2316,749,1567,1456,486,970,419,98,321,329,117,212,103,46,57,9,2,7
2024,113,Dallas County,92,92 yrs,1932,620,1312,1257,414,843,295,68,227,279,103,176,94,34,60,7,1,6
2024,113,Dallas County,93,93 yrs,1623,494,1129,1040,321,719,263,60,203,240,83,157,73,29,44,7,1,6
2024,113,Dallas County,94,94 yrs,1325,380,945,839,245,594,221,43,178,196,68,128,64,23,41,5,1,4
2024,113,Dallas County,95,95+ yrs,3372,879,2493,2127,557,1570,593,108,485,482,154,328,157,58,99,13,2,11
2025,113,Dallas County,-1,All Ages,2920069,1426971,1493098,768329,378730,389599,669084,310405,358679,1180536,589986,590550,235781,116119,119662,66339,31731,34608
2025,113,Dallas County,0,< 1 yr,44715,22816,21899,8442,4305,4137,9316,4755,4561,22076,11259,10817,3087,1580,1507,1794,917,877
2025,113,Dallas County,1,1 yr,44156,22481,21675,8438,4302,4136,9272,4714,4558,21651,11031,10620,3044,1545,1499,1751,889,862
2025,113,Dallas County,2,2 yrs,43872,22348,21524,8475,4320,4155,9312,4738,4574,21336,10864,10472,3023,1544,1479,1726,882,844
2025,113,Dallas County,3,3 yrs,43594,22167,21427,8516,4341,4175,9348,4743,4605,21029,10700,10329,3002,1519,1483,1699,864,835
2025,113,Dallas County,4,4 yrs,43333,22047,21286,8557,4362,4195,9376,4759,4617,20737,10546,10191,2988,1522,1466,1675,858,817
2025,113,Dallas County,5,5 yrs,43092,21887,21205,8594,4381,4213,9398,4756,4642,20466,10402,10064,2985,1508,1477,1649,840,809
2025,113,Dallas County,6,6 yrs,42815,21740,21075,8648,4404,4244,9399,4765,4634,20178,10235,9943,2968,1508,1460,1622,828,794
2025,113,Dallas County,7,7 yrs,42562,21553,21009,8692,4423,4269,9389,4750,4639,19922,10083,9839,2962,1492,1470,1597,805,792
2025,113,Dallas County,8,8 yrs,42308,21415,20893,8718,4432,4286,9375,4749,4626,19692,9945,9747,2951,1494,1457,1572,795,777
2025,113,Dallas County,9,9 yrs,42053,21231,20822,8723,4430,4293,9346,4728,4618,19498,9826,9672,2942,1475,1467,1544,772,772
2025,113,Dallas County,10,10 yrs,41792,21097,20695,8710,4417,4293,9312,4719,4593,19337,9730,9607,2919,1472,1447,1514,759,755
2025,113,Dallas County,11,11 yrs,41505,20935,20570,8688,4398,4290,9137,4625,4512,19291,9717,9574,2928,1468,1460,1461,727,734
2025,113,Dallas County,12,12 yrs,41185,20800,20385,8648,4369,4279,8943,4534,4409,19266,9716,9550,2919,1475,1444,1409,706,703
2025,113,Dallas County,13,13 yrs,40825,20597,20228,8594,4334,4260,8727,4416,4311,19245,9719,9526,2903,1456,1447,1356,672,684
2025,113,Dallas County,14,14 yrs,40470,20450,20020,8535,4295,4240,8507,4315,4192,19243,9733,9510,2882,1453,1429,1303,654,649
2025,113,Dallas County,15,15 yrs,39565,20013,19552,6465,3307,3158,8469,4315,4154,20783,10421,10362,2649,1372,1277,1199,598,601
2025,113,Dallas County,16,16 yrs,40856,20616,20240,6712,3363,3349,8693,4364,4329,21363,10856,10507,2903,1470,1433,1185,563,622
2025,113,Dallas County,17,17 yrs,42617,21618,20999,7091,3516,3575,8814,4520,4294,22345,11400,10945,3158,1588,1570,1209,594,615
2025,113,Dallas County,18,18 yrs,41144,20961,20183,6756,3490,3266,8371,4332,4039,21883,11120,10763,3088,1540,1548,1046,479,567
2025,113,Dallas County,19,19 yrs,38518,19459,19059,6048,3072,2976,7840,3987,3853,20529,10348,10181,3065,1561,1504,1036,491,545
2025,113,Dallas County,20,20 yrs,38763,19499,19264,6324,3203,3121,7742,3925,3817,20541,10293,10248,3225,1648,1577,931,430,501
2025,113,Dallas County,21,21 yrs,39119,19600,19519,6606,3330,3276,8052,3983,4069,20017,10021,9996,3466,1808,1658,978,458,520
2025,113,Dallas County,22,22 yrs,39894,19795,20099,6985,3550,3435,8407,4152,4255,19813,9810,10003,3700,1805,1895,989,478,511
2025,113,Dallas County,23,23 yrs,42368,20991,21377,7955,4005,3950,9112,4498,4614,20509,10168,10341,3829,1855,1974,963,465,498
2025,113,Dallas County,24,24 yrs,44287,21985,22302,8883,4578,4305,9433,4686,4747,20543,10108,10435,4379,2141,2238,1049,472,577
2025,113,Dallas County,25,25 yrs,45178,22100,23078,9647,4866,4781,10245,4918,5327,19897,9798,10099,4299,1986,2313,1090,532,558
2025,113,Dallas County,26,26 yrs,43995,21501,22494,9861,5042,4819,10149,4914,5235,18782,9046,9736,4074,2004,2070,1129,495,634
2025,113,Dallas County,27,27 yrs,43540,21375,22165,9921,5108,4813,10520,5155,5365,17910,8608,9302,4019,1972,2047,1170,532,638
2025,113,Dallas County,28,28 yrs,43950,21435,22515,10534,5444,5090,10885,5220,5665,17329,8353,8976,4108,1920,2188,1094,498,596
2025,113,Dallas County,29,29 yrs,43930,21409,22521,10414,5353,5061,11212,5498,5714,16942,7967,8975,4217,2047,2170,1145,544,601
2025,113,Dallas County,30,30 yrs,44960,22174,22786,10835,5676,5159,12138,5858,6280,16504,7951,8553,4267,2133,2134,1216,556,660
2025,113,Dallas County,31,31 yrs,44302,21635,22667,10571,5525,5046,12298,5897,6401,16009,7664,8345,4301,2037,2264,1123,512,611
2025,113,Dallas County,32,32 yrs,43592,21309,22283,10139,5303,4836,12943,6201,6742,15742,7538,8204,3663,1795,1868,1105,472,633
2025,113,Dallas County,33,33 yrs,42768,21013,21755,10278,5316,4962,12498,6079,6419,15220,7322,7898,3797,1852,1945,975,444,531
2025,113,Dallas County,34,34 yrs,42945,21100,21845,10372,5368,5004,12471,5946,6525,15235,7326,7909,3866,1985,1881,1001,475,526
2025,113,Dallas County,35,35 yrs,42188,20851,21337,10400,5456,4944,12123,5684,6439,14772,7296,7476,3934,1971,1963,959,444,515
2025,113,Dallas County,36,36 yrs,40652,19978,20674,10066,5037,5029,11272,5281,5991,14411,7306,7105,4056,1988,2068,847,366,481
2025,113,Dallas County,37,37 yrs,41042,20353,20689,10695,5328,5367,10672,4930,5742,14804,7492,7312,4006,2228,1778,865,375,490
2025,113,Dallas County,38,38 yrs,40845,19892,20953,11068,5417,5651,10192,4686,5506,14848,7536,7312,3911,1926,1985,826,327,499
2025,113,Dallas County,39,39 yrs,41227,19955,21272,11427,5586,5841,10049,4455,5594,14798,7466,7332,4110,2043,2067,843,405,438
2025,113,Dallas County,40,40 yrs,39431,19377,20054,10893,5339,5554,9436,4261,5175,14559,7398,7161,3788,2042,1746,755,337,418
2025,113,Dallas County,41,41 yrs,39188,19077,20111,10544,5341,5203,9113,4079,5034,14613,7378,7235,4177,1925,2252,741,354,387
2025,113,Dallas County,42,42 yrs,40509,19691,20818,10669,5396,5273,9286,4089,5197,15496,7811,7685,4249,2029,2220,809,366,443
2025,113,Dallas County,43,43 yrs,39458,19386,20072,10271,5177,5094,8923,3961,4962,15476,7920,7556,4009,1967,2042,779,361,418
2025,113,Dallas County,44,44 yrs,39408,19157,20251,10057,5043,5014,8996,3940,5056,15929,8114,7815,3790,1756,2034,636,304,332
2025,113,Dallas County,45,45 yrs,39462,19396,20066,9564,4877,4687,8927,3889,5038,16413,8387,8026,3843,1898,1945,715,345,370
2025,113,Dallas County,46,46 yrs,36371,17936,18435,8796,4482,4314,8253,3629,4624,15276,7835,7441,3441,1696,1745,605,294,311
2025,113,Dallas County,47,47 yrs,36370,17848,18522,8663,4377,4286,7891,3408,4483,15975,8192,7783,3279,1631,1648,562,240,322
2025,113,Dallas County,48,48 yrs,35806,17380,18426,8523,4384,4139,7797,3360,4437,15758,7842,7916,3172,1538,1634,556,256,300
2025,113,Dallas County,49,49 yrs,35695,17170,18525,8356,4234,4122,7480,3175,4305,15887,7860,8027,3448,1646,1802,524,255,269
2025,113,Dallas County,50,50 yrs,36457,17899,18558,8638,4412,4226,7528,3293,4235,16443,8291,8152,3329,1657,1672,519,246,273
2025,113,Dallas County,51,51 yrs,34376,16623,17753,8241,4161,4080,7333,3140,4193,15227,7547,7680,3150,1568,1582,425,207,218
2025,113,Dallas County,52,52 yrs,34676,17039,17637,8542,4413,4129,7520,3291,4229,15083,7597,7486,3017,1484,1533,514,254,260
2025,113,Dallas County,53,53 yrs,34920,17105,17815,9029,4594,4435,7697,3381,4316,14804,7405,7399,2937,1501,1436,453,224,229
2025,113,Dallas County,54,54 yrs,35231,17145,18086,9811,5027,4784,7892,3399,4493,14172,7024,7148,2876,1471,1405,480,224,256
2025,113,Dallas County,55,55 yrs,35130,17220,17910,9876,5038,4838,7634,3299,4335,14445,7335,7110,2709,1309,1400,466,239,227
2025,113,Dallas County,56,56 yrs,32207,16092,16115,9236,4713,4523,7017,3159,3858,13000,6719,6281,2542,1296,1246,412,205,207
2025,113,Dallas County,57,57 yrs,31632,15569,16063,9006,4547,4459,7178,3156,4022,12682,6479,6203,2337,1176,1161,429,211,218
2025,113,Dallas County,58,58 yrs,30508,15019,15489,8991,4596,4395,6970,3051,3919,12091,6225,5866,2098,966,1132,358,181,177
2025,113,Dallas County,59,59 yrs,30549,15013,15536,9110,4604,4506,7261,3143,4118,11740,6077,5663,2063,1003,1060,375,186,189
2025,113,Dallas County,60,60 yrs,31784,15724,16060,10176,5219,4957,7667,3326,4341,11449,5977,5472,2068,1003,1065,424,199,225
2025,113,Dallas County,61,61 yrs,30650,15090,15560,10513,5238,5275,7245,3114,4131,10418,5518,4900,2069,1013,1056,405,207,198
2025,113,Dallas County,62,62 yrs,30132,14524,15608,10931,5443,5488,7048,2970,4078,9754,4966,4788,1994,951,1043,405,194,211
2025,113,Dallas County,63,63 yrs,29037,13958,15079,11055,5385,5670,6866,2958,3908,8972,4602,4370,1799,854,945,345,159,186
2025,113,Dallas County,64,64 yrs,28833,13927,14906,10958,5371,5587,6837,2918,3919,8778,4534,4244,1880,933,947,380,171,209
2025,113,Dallas County,65,65 yrs,28254,13623,14631,10959,5317,5642,6714,2900,3814,8308,4331,3977,1894,888,1006,379,187,192
2025,113,Dallas County,66,66 yrs,26219,12411,13808,10587,5151,5436,6228,2621,3607,7376,3719,3657,1709,775,934,319,145,174
2025,113,Dallas County,67,67 yrs,25442,12013,13429,10609,5128,5481,6047,2576,3471,6724,3344,3380,1724,803,921,338,162,176
2025,113,Dallas County,68,68 yrs,24198,11248,12950,10197,4826,5371,5761,2388,3373,6262,3100,3162,1681,801,880,297,133,164
2025,113,Dallas County,69,69 yrs,22833,10664,12169,9920,4772,5148,5347,2233,3114,5786,2839,2947,1499,684,815,281,136,145
2025,113,Dallas County,70,70 yrs,21541,9992,11549,9688,4574,5114,4986,2069,2917,5238,2581,2657,1383,661,722,246,107,139
2025,113,Dallas County,71,71 yrs,19366,8716,10650,8974,4073,4901,4364,1782,2582,4509,2158,2351,1296,601,695,223,102,121
2025,113,Dallas County,72,72 yrs,18711,8408,10303,8824,4053,4771,4175,1681,2494,4158,1976,2182,1335,608,727,219,90,129
2025,113,Dallas County,73,73 yrs,17218,7541,9677,8230,3693,4537,3969,1530,2439,3727,1716,2011,1100,516,584,192,86,106
2025,113,Dallas County,74,74 yrs,16347,7188,9159,7637,3453,4184,3864,1481,2383,3534,1666,1868,1151,517,634,161,71,90
2025,113,Dallas County,75,75 yrs,15242,6595,8647,7385,3271,4114,3502,1354,2148,3108,1410,1698,1095,501,594,152,59,93
2025,113,Dallas County,76,76 yrs,14327,6210,8117,7100,3134,3966,3310,1287,2023,2856,1314,1542,932,428,504,129,47,82
2025,113,Dallas County,77,77 yrs,13872,5887,7985,7339,3196,4143,3059,1185,1874,2559,1094,1465,801,365,436,114,47,67
2025,113,Dallas County,78,78 yrs,12901,5466,7435,7221,3174,4047,2556,962,1594,2313,968,1345,704,328,376,107,34,73
2025,113,Dallas County,79,79 yrs,9876,4126,5750,5088,2179,2909,2106,790,1316,2020,861,1159,593,269,324,69,27,42
2025,113,Dallas County,80,80 yrs,9579,3922,5657,5058,2111,2947,2070,732,1338,1773,770,1003,601,286,315,77,23,54
2025,113,Dallas County,81,81 yrs,8888,3683,5205,4869,2109,2760,1760,644,1116,1675,673,1002,520,237,283,64,20,44
2025,113,Dallas County,82,82 yrs,8172,3284,4888,4606,1898,2708,1634,578,1056,1402,563,839,490,231,259,40,14,26
2025,113,Dallas County,83,83 yrs,6884,2698,4186,3876,1564,2312,1396,479,917,1199,487,712,375,156,219,38,12,26
2025,113,Dallas County,84,84 yrs,6364,2462,3902,3562,1429,2133,1271,403,868,1156,469,687,348,153,195,27,8,19
2025,113,Dallas County,85,85 yrs,5569,2115,3454,3144,1232,1912,1073,346,727,1020,396,624,306,135,171,26,6,20
2025,113,Dallas County,86,86 yrs,4942,1874,3068,2869,1128,1741,917,290,627,862,327,535,272,124,148,22,5,17
2025,113,Dallas County,87,87 yrs,4322,1626,2696,2529,979,1550,772,240,532,761,291,470,242,111,131,18,5,13
2025,113,Dallas County,88,88 yrs,3720,1332,2388,2166,793,1373,682,200,482,632,240,392,224,96,128,16,3,13
2025,113,Dallas County,89,89 yrs,3277,1160,2117,1955,716,1239,578,155,423,547,207,340,181,80,101,16,2,14
2025,113,Dallas County,90,90 yrs,2905,971,1934,1772,591,1181,504,151,353,474,166,308,144,61,83,11,2,9
2025,113,Dallas County,91,91 yrs,2365,787,1578,1448,488,960,424,110,314,374,142,232,111,46,65,8,1,7
2025,113,Dallas County,92,92 yrs,1961,615,1346,1218,395,823,363,80,283,282,99,183,91,40,51,7,1,6
2025,113,Dallas County,93,93 yrs,1596,499,1097,1027,326,701,249,59,190,233,84,149,81,29,52,6,1,5
2025,113,Dallas County,94,94 yrs,1303,381,922,827,244,583,211,45,166,198,67,131,61,24,37,6,1,5
2025,113,Dallas County,95,95+ yrs,3533,928,2605,2165,570,1595,640,115,525,534,175,359,180,66,114,14,2,12
2026,113,Dallas County,-1,All Ages,2957275,1443933,1513342,765557,377452,388105,678534,314956,363578,1198874,597799,601075,245956,121052,124904,68354,32674,35680
2026,113,Dallas County,0,< 1 yr,45144,23007,22137,8337,4251,4086,9361,4768,4593,22402,11424,10978,3207,1630,1577,1837,934,903
2026,113,Dallas County,1,1 yr,44578,22721,21857,8326,4244,4082,9321,4748,4573,21985,11201,10784,3153,1612,1541,1793,916,877
2026,113,Dallas County,2,2 yrs,44269,22525,21744,8364,4264,4100,9367,4757,4610,21656,11027,10629,3118,1581,1537,1764,896,868
2026,113,Dallas County,3,3 yrs,43984,22393,21591,8403,4284,4119,9408,4782,4626,21340,10860,10480,3096,1579,1517,1737,888,849
2026,113,Dallas County,4,4 yrs,43710,22214,21496,8445,4305,4140,9445,4787,4658,21034,10696,10338,3075,1555,1520,1711,871,840
2026,113,Dallas County,5,5 yrs,43448,22092,21356,8484,4325,4159,9475,4804,4671,20742,10542,10200,3060,1556,1504,1687,865,822
2026,113,Dallas County,6,6 yrs,43190,21905,21285,8550,4354,4196,9483,4799,4684,20441,10368,10073,3053,1540,1513,1663,844,819
2026,113,Dallas County,7,7 yrs,42913,21757,21156,8603,4376,4227,9483,4807,4676,20155,10202,9953,3035,1539,1496,1637,833,804
2026,113,Dallas County,8,8 yrs,42659,21570,21089,8647,4395,4252,9472,4791,4681,19899,10051,9848,3029,1523,1506,1612,810,802
2026,113,Dallas County,9,9 yrs,42401,21431,20970,8671,4404,4267,9458,4790,4668,19667,9912,9755,3019,1526,1493,1586,799,787
2026,113,Dallas County,10,10 yrs,42145,21247,20898,8678,4403,4275,9428,4769,4659,19474,9794,9680,3008,1506,1502,1557,775,782
2026,113,Dallas County,11,11 yrs,41888,21150,20738,8672,4389,4283,9278,4703,4575,19409,9779,9630,3020,1523,1497,1509,756,753
2026,113,Dallas County,12,12 yrs,41592,20983,20609,8648,4369,4279,9100,4607,4493,19361,9765,9596,3027,1518,1509,1456,724,732
2026,113,Dallas County,13,13 yrs,41265,20846,20419,8605,4339,4266,8904,4516,4388,19334,9763,9571,3019,1526,1493,1403,702,701
2026,113,Dallas County,14,14 yrs,40898,20641,20257,8548,4303,4245,8687,4398,4289,19311,9765,9546,3001,1505,1496,1351,670,681
2026,113,Dallas County,15,15 yrs,40496,20469,20027,8492,4277,4215,8449,4282,4167,19284,9761,9523,2974,1499,1475,1297,650,647
2026,113,Dallas County,16,16 yrs,40587,20486,20101,6763,3447,3316,8551,4349,4202,21112,10559,10553,2947,1529,1418,1214,602,612
2026,113,Dallas County,17,17 yrs,41553,20898,20655,6927,3447,3480,8649,4326,4323,21609,10953,10656,3192,1618,1574,1176,554,622
2026,113,Dallas County,18,18 yrs,41675,21187,20488,6793,3415,3378,8354,4316,4038,22012,11207,10805,3307,1663,1644,1209,586,623
2026,113,Dallas County,19,19 yrs,39410,20056,19354,6159,3149,3010,7953,4130,3823,21074,10712,10362,3178,1590,1588,1046,475,571
2026,113,Dallas County,20,20 yrs,39797,19999,19798,6281,3187,3094,8007,4049,3958,21025,10523,10502,3415,1744,1671,1069,496,573
2026,113,Dallas County,21,21 yrs,40086,20024,20062,6637,3352,3285,8199,4112,4087,20675,10294,10381,3587,1810,1777,988,456,532
2026,113,Dallas County,22,22 yrs,40819,20285,20534,7105,3570,3535,8582,4214,4368,20192,10013,10179,3893,1993,1900,1047,495,552
2026,113,Dallas County,23,23 yrs,41947,20689,21258,7761,3932,3829,8906,4367,4539,20011,9849,10162,4213,2037,2176,1056,504,552
2026,113,Dallas County,24,24 yrs,44266,21854,22412,8614,4356,4258,9575,4699,4876,20784,10253,10531,4259,2049,2210,1034,497,537
2026,113,Dallas County,25,25 yrs,46203,22805,23398,9575,4937,4638,9959,4908,5051,20691,10129,10562,4867,2336,2531,1111,495,616
2026,113,Dallas County,26,26 yrs,45681,22347,23334,9735,4940,4795,10536,5055,5481,19783,9694,10089,4511,2118,2393,1116,540,576
2026,113,Dallas County,27,27 yrs,44253,21581,22672,9804,5046,4758,10416,5022,5394,18621,8912,9709,4263,2099,2164,1149,502,647
2026,113,Dallas County,28,28 yrs,43923,21587,22336,9972,5177,4795,10768,5286,5482,17768,8495,9273,4227,2091,2136,1188,538,650
2026,113,Dallas County,29,29 yrs,44108,21426,22682,10403,5380,5023,11151,5326,5825,17146,8209,8937,4301,2014,2287,1107,497,610
2026,113,Dallas County,30,30 yrs,44162,21484,22678,10380,5364,5016,11464,5604,5860,16786,7849,8937,4359,2110,2249,1173,557,616
2026,113,Dallas County,31,31 yrs,45078,22218,22860,10718,5612,5106,12350,5962,6388,16373,7855,8518,4415,2230,2185,1222,559,663
2026,113,Dallas County,32,32 yrs,44220,21558,22662,10413,5446,4967,12460,5988,6472,15849,7548,8301,4382,2068,2314,1116,508,608
2026,113,Dallas County,33,33 yrs,43531,21242,22289,9986,5227,4759,13131,6297,6834,15561,7406,8155,3742,1838,1904,1111,474,637
2026,113,Dallas County,34,34 yrs,42637,20925,21712,10112,5226,4886,12662,6175,6487,15028,7195,7833,3864,1884,1980,971,445,526
2026,113,Dallas County,35,35 yrs,42864,21024,21840,10203,5280,4923,12645,6038,6607,15078,7217,7861,3942,2019,1923,996,470,526
2026,113,Dallas County,36,36 yrs,42093,20761,21332,10275,5383,4892,12190,5711,6479,14666,7219,7447,3997,1999,1998,965,449,516
2026,113,Dallas County,37,37 yrs,40577,19891,20686,9952,4974,4978,11334,5305,6029,14317,7230,7087,4127,2017,2110,847,365,482
2026,113,Dallas County,38,38 yrs,40917,20243,20674,10565,5257,5308,10722,4943,5779,14693,7407,7286,4073,2260,1813,864,376,488
2026,113,Dallas County,39,39 yrs,40710,19791,20919,10938,5350,5588,10229,4697,5532,14737,7461,7276,3980,1954,2026,826,329,497
2026,113,Dallas County,40,40 yrs,41126,19871,21255,11289,5517,5772,10115,4485,5630,14700,7390,7310,4182,2074,2108,840,405,435
2026,113,Dallas County,41,41 yrs,39447,19356,20091,10835,5302,5533,9435,4254,5181,14565,7389,7176,3858,2077,1781,754,334,420
2026,113,Dallas County,42,42 yrs,39189,19043,20146,10474,5294,5180,9096,4067,5029,14621,7370,7251,4254,1957,2297,744,355,389
2026,113,Dallas County,43,43 yrs,40492,19646,20846,10603,5352,5251,9268,4080,5188,15489,7791,7698,4327,2062,2265,805,361,444
2026,113,Dallas County,44,44 yrs,39429,19333,20096,10200,5132,5068,8897,3943,4954,15481,7906,7575,4078,1995,2083,773,357,416
2026,113,Dallas County,45,45 yrs,39392,19130,20262,9981,5004,4977,8984,3936,5048,15930,8100,7830,3863,1788,2075,634,302,332
2026,113,Dallas County,46,46 yrs,39508,19387,20121,9523,4852,4671,8894,3871,5023,16459,8394,8065,3920,1927,1993,712,343,369
2026,113,Dallas County,47,47 yrs,36423,17938,18485,8756,4459,4297,8248,3633,4615,15312,7834,7478,3510,1723,1787,597,289,308
2026,113,Dallas County,48,48 yrs,36409,17852,18557,8623,4355,4268,7859,3398,4461,16020,8202,7818,3347,1658,1689,560,239,321
2026,113,Dallas County,49,49 yrs,35805,17349,18456,8475,4355,4120,7756,3341,4415,15790,7840,7950,3234,1561,1673,550,252,298
2026,113,Dallas County,50,50 yrs,35717,17169,18548,8299,4205,4094,7449,3168,4281,15935,7871,8064,3514,1671,1843,520,254,266
2026,113,Dallas County,51,51 yrs,36384,17857,18527,8553,4369,4184,7478,3266,4212,16455,8291,8164,3384,1684,1700,514,247,267
2026,113,Dallas County,52,52 yrs,34274,16558,17716,8154,4115,4039,7279,3113,4166,15221,7531,7690,3200,1592,1608,420,207,213
2026,113,Dallas County,53,53 yrs,34551,16956,17595,8447,4363,4084,7455,3253,4202,15078,7581,7497,3065,1507,1558,506,252,254
2026,113,Dallas County,54,54 yrs,34783,17020,17763,8926,4539,4387,7632,3347,4285,14792,7384,7408,2985,1525,1460,448,225,223
2026,113,Dallas County,55,55 yrs,35186,17090,18096,9739,4974,4765,7846,3368,4478,14199,7029,7170,2924,1494,1430,478,225,253
2026,113,Dallas County,56,56 yrs,34947,17089,17858,9744,4966,4778,7563,3258,4305,14435,7310,7125,2749,1322,1427,456,233,223
2026,113,Dallas County,57,57 yrs,32021,15959,16062,9109,4643,4466,6942,3113,3829,12986,6693,6293,2581,1310,1271,403,200,203
2026,113,Dallas County,58,58 yrs,31433,15433,16000,8876,4476,4400,7097,3107,3990,12666,6455,6211,2374,1189,1185,420,206,214
2026,113,Dallas County,59,59 yrs,30293,14871,15422,8858,4522,4336,6888,3001,3887,12067,6196,5871,2129,975,1154,351,177,174
2026,113,Dallas County,60,60 yrs,30330,14872,15458,8978,4534,4444,7173,3093,4080,11716,6049,5667,2095,1014,1081,368,182,186
2026,113,Dallas County,61,61 yrs,31301,15441,15860,9924,5077,4847,7522,3240,4282,11338,5909,5429,2099,1021,1078,418,194,224
2026,113,Dallas County,62,62 yrs,30153,14803,15350,10247,5092,5155,7099,3031,4068,10308,5447,4861,2098,1030,1068,401,203,198
2026,113,Dallas County,63,63 yrs,29615,14230,15385,10648,5288,5360,6900,2886,4014,9651,4903,4748,2019,966,1053,397,187,210
2026,113,Dallas County,64,64 yrs,28508,13663,14845,10761,5227,5534,6716,2875,3841,8865,4536,4329,1825,869,956,341,156,185
2026,113,Dallas County,65,65 yrs,28302,13634,14668,10655,5208,5447,6689,2836,3853,8676,4474,4202,1907,949,958,375,167,208
2026,113,Dallas County,66,66 yrs,27669,13289,14380,10677,5159,5518,6588,2831,3757,8169,4241,3928,1872,879,993,363,179,184
2026,113,Dallas County,67,67 yrs,25633,12081,13552,10300,4990,5310,6103,2556,3547,7242,3632,3610,1684,765,919,304,138,166
2026,113,Dallas County,68,68 yrs,24847,11680,13167,10311,4962,5349,5922,2510,3412,6598,3264,3334,1693,789,904,323,155,168
2026,113,Dallas County,69,69 yrs,23594,10912,12682,9898,4661,5237,5633,2321,3312,6133,3017,3116,1648,786,862,282,127,155
2026,113,Dallas County,70,70 yrs,22236,10332,11904,9617,4602,5015,5220,2169,3051,5663,2762,2901,1469,670,799,267,129,138
2026,113,Dallas County,71,71 yrs,21045,9699,11346,9439,4430,5009,4871,2006,2865,5134,2511,2623,1370,653,717,231,99,132
2026,113,Dallas County,72,72 yrs,18891,8440,10451,8731,3937,4794,4254,1721,2533,4420,2099,2321,1278,590,688,208,93,115
2026,113,Dallas County,73,73 yrs,18205,8119,10086,8570,3911,4659,4055,1618,2437,4062,1914,2148,1313,594,719,205,82,123
2026,113,Dallas County,74,74 yrs,16726,7264,9462,7976,3552,4424,3853,1470,2383,3638,1660,1978,1080,503,577,179,79,100
2026,113,Dallas County,75,75 yrs,15836,6903,8933,7382,3312,4070,3741,1418,2323,3436,1605,1831,1128,503,625,149,65,84
2026,113,Dallas County,76,76 yrs,14719,6325,8394,7118,3133,3985,3360,1285,2075,3027,1361,1666,1077,495,582,137,51,86
2026,113,Dallas County,77,77 yrs,13787,5931,7856,6822,2991,3831,3163,1214,1949,2772,1264,1508,913,421,492,117,41,76
2026,113,Dallas County,78,78 yrs,13298,5592,7706,7024,3035,3989,2917,1114,1803,2477,1047,1430,778,356,422,102,40,62
2026,113,Dallas County,79,79 yrs,12314,5170,7144,6884,3002,3882,2422,900,1522,2228,921,1307,683,317,366,97,30,67
2026,113,Dallas County,80,80 yrs,9387,3883,5504,4829,2049,2780,1988,735,1253,1935,815,1120,574,261,313,61,23,38
2026,113,Dallas County,81,81 yrs,9140,3703,5437,4815,1989,2826,1968,683,1285,1710,737,973,578,274,304,69,20,49
2026,113,Dallas County,82,82 yrs,8421,3446,4975,4601,1971,2630,1662,595,1067,1606,639,967,495,224,271,57,17,40
2026,113,Dallas County,83,83 yrs,7704,3057,4647,4329,1763,2566,1538,533,1005,1336,531,805,466,218,248,35,12,23
2026,113,Dallas County,84,84 yrs,6447,2489,3958,3619,1441,2178,1305,437,868,1135,454,681,355,147,208,33,10,23
2026,113,Dallas County,85,85 yrs,5921,2255,3666,3301,1306,1995,1184,365,819,1085,435,650,327,142,185,24,7,17
2026,113,Dallas County,86,86 yrs,5130,1918,3212,2886,1113,1773,980,308,672,950,364,586,291,128,163,23,5,18
2026,113,Dallas County,87,87 yrs,4507,1681,2826,2603,1005,1598,835,259,576,793,296,497,257,117,140,19,4,15
2026,113,Dallas County,88,88 yrs,3893,1436,2457,2264,859,1405,694,208,486,694,262,432,225,103,122,16,4,12
2026,113,Dallas County,89,89 yrs,3306,1163,2143,1913,686,1227,604,174,430,570,213,357,207,88,119,12,2,10
2026,113,Dallas County,90,90 yrs,2871,993,1878,1702,609,1093,506,130,376,484,180,304,165,72,93,14,2,12
2026,113,Dallas County,91,91 yrs,2501,814,1687,1515,492,1023,436,123,313,412,143,269,130,55,75,8,1,7
2026,113,Dallas County,92,92 yrs,2003,647,1356,1211,397,814,366,89,277,320,119,201,99,41,58,7,1,6
2026,113,Dallas County,93,93 yrs,1625,497,1128,997,312,685,306,68,238,236,81,155,80,35,45,6,1,5
2026,113,Dallas County,94,94 yrs,1281,385,896,817,248,569,199,44,155,192,68,124,68,24,44,5,1,4
2026,113,Dallas County,95,95+ yrs,3643,967,2676,2185,579,1606,669,122,547,577,190,387,197,74,123,15,2,13
2027,113,Dallas County,-1,All Ages,2994576,1460966,1533610,762733,376140,386593,687806,319453,368353,1217129,605554,611575,256492,126170,130322,70416,33649,36767
2027,113,Dallas County,0,< 1 yr,45562,23247,22315,8240,4202,4038,9397,4796,4601,22708,11582,11126,3334,1705,1629,1883,962,921
2027,113,Dallas County,1,1 yr,45001,22910,22091,8222,4191,4031,9363,4759,4604,22306,11364,10942,3273,1662,1611,1837,934,903
2027,113,Dallas County,2,2 yrs,44688,22765,21923,8253,4207,4046,9415,4791,4624,21987,11196,10791,3227,1648,1579,1806,923,883
2027,113,Dallas County,3,3 yrs,44377,22567,21810,8291,4227,4064,9462,4800,4662,21657,11021,10636,3191,1616,1575,1776,903,873
2027,113,Dallas County,4,4 yrs,44095,22435,21660,8330,4247,4083,9504,4825,4679,21342,10854,10488,3169,1614,1555,1750,895,855
2027,113,Dallas County,5,5 yrs,43819,22254,21565,8372,4267,4105,9542,4831,4711,21036,10690,10346,3146,1589,1557,1723,877,846
2027,113,Dallas County,6,6 yrs,43540,22106,21434,8438,4297,4141,9556,4845,4711,20714,10506,10208,3129,1588,1541,1703,870,833
2027,113,Dallas County,7,7 yrs,43282,21920,21362,8505,4326,4179,9565,4840,4725,20414,10333,10081,3121,1572,1549,1677,849,828
2027,113,Dallas County,8,8 yrs,43010,21776,21234,8558,4349,4209,9566,4849,4717,20129,10168,9961,3105,1572,1533,1652,838,814
2027,113,Dallas County,9,9 yrs,42753,21587,21166,8602,4367,4235,9554,4833,4721,19871,10016,9855,3099,1556,1543,1627,815,812
2027,113,Dallas County,10,10 yrs,42489,21443,21046,8625,4376,4249,9539,4831,4708,19639,9877,9762,3087,1557,1530,1599,802,797
2027,113,Dallas County,11,11 yrs,42237,21299,20938,8640,4375,4265,9390,4751,4639,19544,9843,9701,3111,1558,1553,1552,772,780
2027,113,Dallas County,12,12 yrs,41978,21202,20776,8633,4362,4271,9239,4684,4555,19478,9827,9651,3124,1576,1548,1504,753,751
2027,113,Dallas County,13,13 yrs,41673,21031,20642,8605,4340,4265,9059,4588,4471,19427,9811,9616,3131,1571,1560,1451,721,730
2027,113,Dallas County,14,14 yrs,41337,20888,20449,8559,4308,4251,8861,4496,4365,19400,9809,9591,3120,1577,1543,1397,698,699
2027,113,Dallas County,15,15 yrs,40924,20660,20264,8505,4284,4221,8626,4364,4262,19350,9792,9558,3098,1554,1544,1345,666,679
2027,113,Dallas County,16,16 yrs,41616,20986,20630,8879,4456,4423,8531,4316,4215,19593,9892,9701,3305,1669,1636,1308,653,655
2027,113,Dallas County,17,17 yrs,41279,20767,20512,6977,3532,3445,8503,4308,4195,21355,10652,10703,3240,1682,1558,1204,593,611
2027,113,Dallas County,18,18 yrs,40605,20471,20134,6628,3343,3285,8189,4127,4062,21275,10762,10513,3336,1692,1644,1177,547,630
2027,113,Dallas County,19,19 yrs,39962,20297,19665,6193,3080,3113,7933,4111,3822,21209,10802,10407,3417,1723,1694,1210,581,629
2027,113,Dallas County,20,20 yrs,40706,20605,20101,6396,3267,3129,8122,4195,3927,21570,10888,10682,3538,1775,1763,1080,480,600
2027,113,Dallas County,21,21 yrs,41159,20542,20617,6592,3336,3256,8476,4243,4233,21161,10524,10637,3796,1913,1883,1134,526,608
2027,113,Dallas County,22,22 yrs,41809,20710,21099,7138,3594,3544,8735,4347,4388,20850,10283,10567,4030,1995,2035,1056,491,565
2027,113,Dallas County,23,23 yrs,42907,21200,21707,7893,3953,3940,9085,4431,4654,20387,10049,10338,4424,2246,2178,1118,521,597
2027,113,Dallas County,24,24 yrs,43843,21548,22295,8400,4274,4126,9362,4563,4799,20268,9927,10341,4681,2246,2435,1132,538,594
2027,113,Dallas County,25,25 yrs,46155,22653,23502,9289,4699,4590,10106,4922,5184,20933,10273,10660,4732,2237,2495,1095,522,573
2027,113,Dallas County,26,26 yrs,46710,23060,23650,9663,5011,4652,10242,5044,5198,20569,10020,10549,5099,2483,2616,1137,502,635
2027,113,Dallas County,27,27 yrs,45952,22425,23527,9676,4942,4734,10812,5166,5646,19609,9551,10058,4719,2218,2501,1136,548,588
2027,113,Dallas County,28,28 yrs,44636,21792,22844,9854,5115,4739,10659,5150,5509,18469,8793,9676,4485,2226,2259,1169,508,661
2027,113,Dallas County,29,29 yrs,44083,21590,22493,9847,5116,4731,11030,5393,5637,17578,8348,9230,4426,2195,2231,1202,538,664
2027,113,Dallas County,30,30 yrs,44329,21488,22841,10369,5391,4978,11400,5428,5972,16982,8086,8896,4446,2075,2371,1132,508,624
2027,113,Dallas County,31,31 yrs,44258,21517,22741,10265,5302,4963,11662,5703,5959,16652,7752,8900,4501,2200,2301,1178,560,618
2027,113,Dallas County,32,32 yrs,44992,22145,22847,10558,5533,5025,12511,6054,6457,16208,7736,8472,4500,2267,2233,1215,555,660
2027,113,Dallas County,33,33 yrs,44152,21490,22662,10256,5369,4887,12635,6077,6558,15665,7415,8250,4474,2118,2356,1122,511,611
2027,113,Dallas County,34,34 yrs,43387,21145,22242,9820,5136,4684,13298,6394,6904,15362,7276,8086,3800,1864,1936,1107,475,632
2027,113,Dallas County,35,35 yrs,42533,20837,21696,9938,5134,4804,12832,6266,6566,14864,7082,7782,3933,1914,2019,966,441,525
2027,113,Dallas County,36,36 yrs,42767,20939,21828,10078,5209,4869,12716,6068,6648,14968,7139,7829,4003,2046,1957,1002,477,525
2027,113,Dallas County,37,37 yrs,42009,20667,21342,10156,5315,4841,12258,5737,6521,14568,7141,7427,4063,2027,2036,964,447,517
2027,113,Dallas County,38,38 yrs,40460,19778,20682,9830,4906,4924,11383,5318,6065,14205,7145,7060,4196,2043,2153,846,366,480
2027,113,Dallas County,39,39 yrs,40787,20147,20640,10439,5191,5248,10760,4953,5807,14584,7334,7250,4140,2291,1849,864,378,486
2027,113,Dallas County,40,40 yrs,40609,19711,20898,10807,5285,5522,10294,4729,5565,14637,7384,7253,4048,1983,2065,823,330,493
2027,113,Dallas County,41,41 yrs,41152,19850,21302,11232,5480,5752,10119,4480,5639,14703,7379,7324,4259,2109,2150,839,402,437
2027,113,Dallas County,42,42 yrs,39438,19323,20115,10763,5255,5508,9416,4241,5175,14574,7381,7193,3929,2112,1817,756,334,422
2027,113,Dallas County,43,43 yrs,39173,18998,20175,10410,5251,5159,9079,4059,5020,14612,7349,7263,4332,1989,2343,740,350,390
2027,113,Dallas County,44,44 yrs,40462,19592,20870,10530,5306,5224,9242,4062,5180,15490,7776,7714,4401,2091,2310,799,357,442
2027,113,Dallas County,45,45 yrs,39412,19308,20104,10122,5092,5030,8883,3938,4945,15481,7892,7589,4157,2032,2125,769,354,415
2027,113,Dallas County,46,46 yrs,39432,19117,20315,9938,4979,4959,8951,3918,5033,15972,8105,7867,3940,1815,2125,631,300,331
2027,113,Dallas County,47,47 yrs,39562,19385,20177,9479,4826,4653,8884,3872,5012,16496,8392,8104,4000,1958,2042,703,337,366
2027,113,Dallas County,48,48 yrs,36459,17939,18520,8715,4436,4279,8214,3622,4592,15354,7842,7512,3581,1751,1830,595,288,307
2027,113,Dallas County,49,49 yrs,36413,17824,18589,8575,4325,4250,7819,3380,4439,16052,8200,7852,3413,1684,1729,554,235,319
2027,113,Dallas County,50,50 yrs,35822,17348,18474,8418,4325,4093,7725,3334,4391,15836,7852,7984,3297,1585,1712,546,252,294
2027,113,Dallas County,51,51 yrs,35650,17130,18520,8217,4164,4053,7398,3141,4257,15946,7870,8076,3573,1699,1874,516,256,260
2027,113,Dallas County,52,52 yrs,36278,17792,18486,8462,4322,4140,7424,3239,4185,16446,8273,8173,3437,1710,1727,509,248,261
2027,113,Dallas County,53,53 yrs,34160,16483,17677,8064,4069,3995,7217,3078,4139,15216,7515,7701,3251,1617,1634,412,204,208
2027,113,Dallas County,54,54 yrs,34427,16878,17549,8353,4312,4041,7393,3220,4173,15067,7562,7505,3113,1531,1582,501,253,248
2027,113,Dallas County,55,55 yrs,34753,16974,17779,8863,4491,4372,7590,3319,4271,14819,7389,7430,3035,1549,1486,446,226,220
2027,113,Dallas County,56,56 yrs,35008,16965,18043,9610,4904,4706,7773,3327,4446,14189,7004,7185,2968,1511,1457,468,219,249
2027,113,Dallas County,57,57 yrs,34749,16946,17803,9612,4894,4718,7479,3208,4271,14420,7281,7139,2791,1335,1456,447,228,219
2027,113,Dallas County,58,58 yrs,31821,15823,15998,8977,4571,4406,6862,3065,3797,12968,6668,6300,2620,1324,1296,394,195,199
2027,113,Dallas County,59,59 yrs,31218,15287,15931,8746,4404,4342,7011,3057,3954,12640,6424,6216,2409,1201,1208,412,201,211
2027,113,Dallas County,60,60 yrs,30083,14733,15350,8728,4452,4276,6804,2953,3851,12044,6169,5875,2163,986,1177,344,173,171
2027,113,Dallas County,61,61 yrs,29882,14612,15270,8756,4411,4345,7036,3013,4023,11602,5979,5623,2126,1032,1094,362,177,185
2027,113,Dallas County,62,62 yrs,30804,15151,15653,9671,4935,4736,7371,3153,4218,11218,5833,5385,2130,1039,1091,414,191,223
2027,113,Dallas County,63,63 yrs,29647,14515,15132,9981,4947,5034,6949,2947,4002,10197,5377,4820,2127,1048,1079,393,196,197
2027,113,Dallas County,64,64 yrs,29085,13934,15151,10363,5133,5230,6747,2803,3944,9535,4832,4703,2048,983,1065,392,183,209
2027,113,Dallas County,65,65 yrs,27984,13376,14608,10466,5069,5397,6570,2795,3775,8761,4475,4286,1851,884,967,336,153,183
2027,113,Dallas County,66,66 yrs,27714,13302,14412,10378,5053,5325,6562,2768,3794,8531,4381,4150,1885,940,945,358,160,198
2027,113,Dallas County,67,67 yrs,27055,12942,14113,10387,4998,5389,6455,2761,3694,8023,4145,3878,1844,867,977,346,171,175
2027,113,Dallas County,68,68 yrs,25042,11753,13289,10011,4830,5181,5977,2491,3486,7108,3546,3562,1655,753,902,291,133,158
2027,113,Dallas County,69,69 yrs,24227,11331,12896,10008,4793,5215,5789,2439,3350,6462,3177,3285,1660,774,886,308,148,160
2027,113,Dallas County,70,70 yrs,22982,10577,12405,9597,4496,5101,5499,2254,3245,6004,2936,3068,1614,770,844,268,121,147
2027,113,Dallas County,71,71 yrs,21722,10025,11697,9369,4457,4912,5098,2101,2997,5551,2688,2863,1454,661,793,250,118,132
2027,113,Dallas County,72,72 yrs,20525,9393,11132,9180,4282,4898,4745,1936,2809,5030,2442,2588,1353,642,711,217,91,126
2027,113,Dallas County,73,73 yrs,18384,8151,10233,8481,3799,4682,4131,1656,2475,4320,2034,2286,1258,577,681,194,85,109
2027,113,Dallas County,74,74 yrs,17686,7820,9866,8304,3761,4543,3936,1555,2381,3965,1851,2114,1291,579,712,190,74,116
2027,113,Dallas County,75,75 yrs,16200,6974,9226,7710,3408,4302,3730,1407,2323,3538,1600,1938,1056,488,568,166,71,95
2027,113,Dallas County,76,76 yrs,15296,6622,8674,7116,3174,3942,3589,1345,2244,3347,1550,1797,1109,496,613,135,57,78
2027,113,Dallas County,77,77 yrs,14168,6042,8126,6840,2991,3849,3211,1212,1999,2938,1309,1629,1054,485,569,125,45,80
2027,113,Dallas County,78,78 yrs,13217,5637,7580,6530,2841,3689,3014,1141,1873,2681,1209,1472,887,411,476,105,35,70
2027,113,Dallas County,79,79 yrs,12697,5291,7406,6698,2871,3827,2765,1044,1721,2386,996,1390,756,345,411,92,35,57
2027,113,Dallas County,80,80 yrs,11700,4865,6835,6532,2824,3708,2288,838,1450,2134,871,1263,660,307,353,86,25,61
2027,113,Dallas County,81,81 yrs,8958,3666,5292,4596,1931,2665,1890,685,1205,1866,780,1086,552,250,302,54,20,34
2027,113,Dallas County,82,82 yrs,8666,3468,5198,4552,1859,2693,1862,632,1230,1640,701,939,551,259,292,61,17,44
2027,113,Dallas County,83,83 yrs,7935,3205,4730,4323,1831,2492,1562,546,1016,1530,603,927,471,211,260,49,14,35
2027,113,Dallas County,84,84 yrs,7218,2822,4396,4042,1625,2417,1438,486,952,1266,496,770,442,205,237,30,10,20
2027,113,Dallas County,85,85 yrs,5994,2277,3717,3354,1316,2038,1213,395,818,1065,421,644,333,136,197,29,9,20
2027,113,Dallas County,86,86 yrs,5455,2046,3409,3030,1181,1849,1082,325,757,1011,400,611,310,134,176,22,6,16
2027,113,Dallas County,87,87 yrs,4682,1722,2960,2620,993,1627,892,274,618,874,330,544,276,121,155,20,4,16
2027,113,Dallas County,88,88 yrs,4058,1483,2575,2333,883,1450,749,223,526,722,266,456,238,108,130,16,3,13
2027,113,Dallas County,89,89 yrs,3464,1255,2209,2001,744,1257,617,182,435,625,232,393,208,94,114,13,3,10
2027,113,Dallas County,90,90 yrs,2901,998,1903,1667,584,1083,528,146,382,506,186,320,189,80,109,11,2,9
2027,113,Dallas County,91,91 yrs,2475,834,1641,1453,507,946,440,106,334,422,155,267,149,65,84,11,1,10
2027,113,Dallas County,92,92 yrs,2125,672,1453,1270,401,869,378,101,277,355,121,234,115,48,67,7,1,6
2027,113,Dallas County,93,93 yrs,1662,523,1139,990,313,677,310,76,234,269,98,171,87,35,52,6,1,5
2027,113,Dallas County,94,94 yrs,1308,385,923,795,238,557,246,51,195,195,66,129,67,29,38,5,1,4
2027,113,Dallas County,95,95+ yrs,3716,1002,2714,2196,589,1607,682,127,555,604,202,402,220,82,138,14,2,12
2028,113,Dallas County,-1,All Ages,3031975,1477968,1554007,759904,374794,385110,696906,323875,373031,1235245,613222,622023,267405,131444,135961,72515,34633,37882
2028,113,Dallas County,0,< 1 yr,45949,23420,22529,8151,4157,3994,9418,4798,4620,22977,11718,11259,3472,1765,1707,1931,982,949
2028,113,Dallas County,1,1 yr,45416,23147,22269,8125,4142,3983,9400,4787,4613,22608,11520,11088,3401,1737,1664,1882,961,921
2028,113,Dallas County,2,2 yrs,45111,22952,22159,8149,4154,3995,9458,4802,4656,22305,11357,10948,3350,1699,1651,1849,940,909
2028,113,Dallas County,3,3 yrs,44790,22803,21987,8180,4170,4010,9508,4833,4675,21983,11187,10796,3301,1683,1618,1818,930,888
2028,113,Dallas County,4,4 yrs,44483,22607,21876,8219,4190,4029,9557,4843,4714,21654,11013,10641,3264,1651,1613,1789,910,879
2028,113,Dallas County,5,5 yrs,44199,22474,21725,8257,4210,4047,9600,4868,4732,21339,10846,10493,3241,1648,1593,1762,902,860
2028,113,Dallas County,6,6 yrs,43907,22266,21641,8326,4239,4087,9622,4871,4751,21005,10653,10352,3217,1622,1595,1737,881,856
2028,113,Dallas County,7,7 yrs,43629,22119,21510,8392,4269,4123,9639,4887,4752,20682,10468,10214,3199,1621,1578,1717,874,843
2028,113,Dallas County,8,8 yrs,43377,21936,21441,8459,4298,4161,9647,4881,4766,20385,10297,10088,3193,1606,1587,1693,854,839
2028,113,Dallas County,9,9 yrs,43099,21787,21312,8512,4320,4192,9648,4890,4758,20098,10131,9967,3175,1604,1571,1666,842,824
2028,113,Dallas County,10,10 yrs,42838,21600,21238,8555,4339,4216,9635,4874,4761,19840,9980,9860,3168,1588,1580,1640,819,821
2028,113,Dallas County,11,11 yrs,42580,21493,21087,8589,4349,4240,9498,4811,4687,19706,9924,9782,3193,1611,1582,1594,798,796
2028,113,Dallas County,12,12 yrs,42323,21347,20976,8600,4347,4253,9348,4730,4618,19610,9889,9721,3218,1612,1606,1547,769,778
2028,113,Dallas County,13,13 yrs,42056,21246,20810,8589,4332,4257,9195,4663,4532,19542,9872,9670,3231,1630,1601,1499,749,750
2028,113,Dallas County,14,14 yrs,41743,21071,20672,8558,4308,4250,9014,4566,4448,19490,9856,9634,3236,1624,1612,1445,717,728
2028,113,Dallas County,15,15 yrs,41360,20907,20453,8515,4289,4226,8798,4461,4337,19437,9836,9601,3221,1628,1593,1389,693,696
2028,113,Dallas County,16,16 yrs,42060,21186,20874,8892,4463,4429,8708,4399,4309,19659,9923,9736,3443,1731,1712,1358,670,688
2028,113,Dallas County,17,17 yrs,42370,21291,21079,9152,4561,4591,8480,4276,4204,19820,9981,9839,3628,1833,1795,1290,640,650
2028,113,Dallas County,18,18 yrs,40329,20337,19992,6667,3422,3245,8039,4102,3937,21027,10464,10563,3391,1763,1628,1205,586,619
2028,113,Dallas County,19,19 yrs,38900,19592,19308,6032,3009,3023,7768,3926,3842,20481,10364,10117,3441,1751,1690,1178,542,636
2028,113,Dallas County,20,20 yrs,41275,20852,20423,6431,3196,3235,8093,4172,3921,21705,10978,10727,3801,1920,1881,1245,586,659
2028,113,Dallas County,21,21 yrs,42081,21153,20928,6712,3419,3293,8593,4394,4199,21700,10886,10814,3932,1946,1986,1144,508,636
2028,113,Dallas County,22,22 yrs,42923,21247,21676,7091,3577,3514,9027,4487,4540,21335,10511,10824,4260,2107,2153,1210,565,645
2028,113,Dallas County,23,23 yrs,43930,21632,22298,7931,3980,3951,9246,4570,4676,21046,10317,10729,4579,2247,2332,1128,518,610
2028,113,Dallas County,24,24 yrs,44842,22083,22759,8542,4298,4244,9546,4630,4916,20644,10125,10519,4911,2474,2437,1199,556,643
2028,113,Dallas County,25,25 yrs,45732,22340,23392,9052,4606,4446,9886,4781,5105,20405,9942,10463,5192,2447,2745,1197,564,633
2028,113,Dallas County,26,26 yrs,46651,22900,23751,9377,4772,4605,10393,5060,5333,20808,10161,10647,4953,2377,2576,1120,530,590
2028,113,Dallas County,27,27 yrs,46981,23142,23839,9606,5014,4592,10509,5153,5356,20385,9870,10515,5324,2596,2728,1157,509,648
2028,113,Dallas County,28,28 yrs,46343,22633,23710,9726,5010,4716,11061,5295,5766,19445,9425,10020,4957,2348,2609,1154,555,599
2028,113,Dallas County,29,29 yrs,44790,21791,22999,9731,5056,4675,10917,5254,5663,18266,8638,9628,4695,2337,2358,1181,506,675
2028,113,Dallas County,30,30 yrs,44300,21658,22642,9816,5128,4688,11276,5496,5780,17406,8221,9185,4573,2263,2310,1229,550,679
2028,113,Dallas County,31,31 yrs,44411,21507,22904,10253,5328,4925,11592,5523,6069,16842,7985,8857,4587,2161,2426,1137,510,627
2028,113,Dallas County,32,32 yrs,44158,21435,22723,10110,5226,4884,11810,5789,6021,16483,7631,8852,4584,2233,2351,1171,556,615
2028,113,Dallas County,33,33 yrs,44920,22079,22841,10401,5456,4945,12684,6142,6542,16018,7600,8418,4596,2323,2273,1221,558,663
2028,113,Dallas County,34,34 yrs,43999,21387,22612,10086,5276,4810,12791,6168,6623,15462,7283,8179,4542,2148,2394,1118,512,606
2028,113,Dallas County,35,35 yrs,43264,21044,22220,9647,5044,4603,13471,6485,6986,15188,7158,8030,3855,1886,1969,1103,471,632
2028,113,Dallas County,36,36 yrs,42422,20739,21683,9813,5062,4751,12898,6292,6606,14750,7002,7748,3991,1937,2054,970,446,524
2028,113,Dallas County,37,37 yrs,42684,20849,21835,9960,5142,4818,12789,6098,6691,14867,7061,7806,4066,2072,1994,1002,476,526
2028,113,Dallas County,38,38 yrs,41888,20551,21337,10030,5242,4788,12312,5752,6560,14455,7055,7400,4128,2054,2074,963,448,515
2028,113,Dallas County,39,39 yrs,40339,19683,20656,9713,4845,4868,11421,5329,6092,14094,7071,7023,4266,2070,2196,845,368,477
2028,113,Dallas County,40,40 yrs,40691,20072,20619,10311,5127,5184,10829,4986,5843,14483,7256,7227,4208,2325,1883,860,378,482
2028,113,Dallas County,41,41 yrs,40636,19688,20948,10752,5249,5503,10298,4723,5575,14641,7373,7268,4124,2017,2107,821,326,495
2028,113,Dallas County,42,42 yrs,41148,19814,21334,11159,5432,5727,10103,4467,5636,14707,7369,7338,4338,2144,2194,841,402,439
2028,113,Dallas County,43,43 yrs,39406,19276,20130,10696,5212,5484,9396,4230,5166,14564,7360,7204,3998,2145,1853,752,329,423
2028,113,Dallas County,44,44 yrs,39148,18948,20200,10339,5207,5132,9054,4042,5012,14614,7335,7279,4407,2018,2389,734,346,388
2028,113,Dallas County,45,45 yrs,40448,19566,20882,10451,5265,5186,9229,4058,5171,15486,7760,7726,4486,2129,2357,796,354,442
2028,113,Dallas County,46,46 yrs,39458,19300,20158,10078,5066,5012,8851,3921,4930,15521,7896,7625,4241,2064,2177,767,353,414
2028,113,Dallas County,47,47 yrs,39488,19114,20374,9895,4954,4941,8942,3919,5023,16008,8103,7905,4020,1843,2177,623,295,328
2028,113,Dallas County,48,48 yrs,39611,19389,20222,9437,4802,4635,8850,3860,4990,16542,8401,8141,4082,1990,2092,700,336,364
2028,113,Dallas County,49,49 yrs,36460,17912,18548,8668,4408,4260,8170,3603,4567,15384,7840,7544,3651,1778,1873,587,283,304
2028,113,Dallas County,50,50 yrs,36430,17823,18607,8517,4295,4222,7787,3372,4415,16097,8211,7886,3479,1710,1769,550,235,315
2028,113,Dallas County,51,51 yrs,35748,17305,18443,8337,4284,4053,7672,3306,4366,15847,7851,7996,3351,1611,1740,541,253,288
2028,113,Dallas County,52,52 yrs,35553,17068,18485,8129,4118,4011,7345,3115,4230,15939,7854,8085,3630,1725,1905,510,256,254
2028,113,Dallas County,53,53 yrs,36155,17711,18444,8369,4274,4095,7359,3202,4157,16437,8254,8183,3491,1736,1755,499,245,254
2028,113,Dallas County,54,54 yrs,34044,16410,17634,7975,4021,3954,7155,3047,4108,15203,7495,7708,3302,1642,1660,409,205,204
2028,113,Dallas County,55,55 yrs,34407,16837,17570,8298,4268,4030,7350,3192,4158,15094,7567,7527,3165,1555,1610,500,255,245
2028,113,Dallas County,56,56 yrs,34587,16853,17734,8746,4428,4318,7519,3278,4241,14806,7361,7445,3079,1565,1514,437,221,216
2028,113,Dallas County,57,57 yrs,34808,16826,17982,9478,4832,4646,7686,3277,4409,14174,6977,7197,3011,1526,1485,459,214,245
2028,113,Dallas County,58,58 yrs,34540,16803,17737,9474,4819,4655,7392,3158,4234,14401,7254,7147,2834,1349,1485,439,223,216
2028,113,Dallas County,59,59 yrs,31605,15675,15930,8845,4498,4347,6777,3014,3763,12940,6636,6304,2657,1337,1320,386,190,196
2028,113,Dallas County,60,60 yrs,31007,15151,15856,8621,4338,4283,6922,3007,3915,12614,6395,6219,2446,1214,1232,404,197,207
2028,113,Dallas County,61,61 yrs,29648,14479,15169,8512,4332,4180,6673,2876,3797,11928,6099,5829,2195,1003,1192,340,169,171
2028,113,Dallas County,62,62 yrs,29421,14348,15073,8534,4289,4245,6893,2933,3960,11480,5902,5578,2156,1050,1106,358,174,184
2028,113,Dallas County,63,63 yrs,30297,14859,15438,9419,4795,4624,7215,3065,4150,11098,5758,5340,2158,1056,1102,407,185,222
2028,113,Dallas County,64,64 yrs,29126,14222,14904,9713,4801,4912,6794,2863,3931,10073,5300,4773,2158,1066,1092,388,192,196
2028,113,Dallas County,65,65 yrs,28562,13649,14913,10078,4978,5100,6597,2724,3873,9424,4768,4656,2077,1000,1077,386,179,207
2028,113,Dallas County,66,66 yrs,27404,13050,14354,10197,4919,5278,6444,2727,3717,8615,4383,4232,1828,875,953,320,146,174
2028,113,Dallas County,67,67 yrs,27103,12956,14147,10098,4896,5202,6429,2700,3729,8379,4281,4098,1855,926,929,342,153,189
2028,113,Dallas County,68,68 yrs,26429,12590,13839,10097,4838,5259,6320,2690,3630,7873,4047,3826,1810,852,958,329,163,166
2028,113,Dallas County,69,69 yrs,24421,11402,13019,9717,4665,5052,5842,2420,3422,6963,3452,3511,1623,739,884,276,126,150
2028,113,Dallas County,70,70 yrs,23599,10983,12616,9701,4622,5079,5652,2369,3283,6326,3092,3234,1626,758,868,294,142,152
2028,113,Dallas County,71,71 yrs,22462,10272,12190,9352,4355,4997,5372,2185,3187,5887,2859,3028,1599,761,838,252,112,140
2028,113,Dallas County,72,72 yrs,21189,9709,11480,9113,4309,4804,4968,2028,2940,5439,2614,2825,1435,649,786,234,109,125
2028,113,Dallas County,73,73 yrs,19971,9071,10900,8917,4133,4784,4607,1863,2744,4914,2365,2549,1331,628,703,202,82,120
2028,113,Dallas County,74,74 yrs,17865,7854,10011,8220,3654,4566,4011,1593,2418,4217,1967,2250,1236,562,674,181,78,103
2028,113,Dallas County,75,75 yrs,17136,7514,9622,8029,3610,4419,3810,1490,2320,3856,1784,2072,1264,563,701,177,67,110
2028,113,Dallas County,76,76 yrs,15647,6688,8959,7434,3265,4169,3577,1334,2243,3446,1544,1902,1039,482,557,151,63,88
2028,113,Dallas County,77,77 yrs,14718,6323,8395,6837,3030,3807,3430,1268,2162,3246,1490,1756,1084,486,598,121,49,72
2028,113,Dallas County,78,78 yrs,13590,5747,7843,6549,2842,3707,3062,1140,1922,2842,1252,1590,1025,474,551,112,39,73
2028,113,Dallas County,79,79 yrs,12622,5337,7285,6228,2689,3539,2858,1070,1788,2581,1150,1431,861,398,463,94,30,64
2028,113,Dallas County,80,80 yrs,12065,4979,7086,6358,2701,3657,2609,971,1638,2286,943,1343,731,334,397,81,30,51
2028,113,Dallas County,81,81 yrs,11161,4591,6570,6215,2660,3555,2176,782,1394,2058,833,1225,635,294,341,77,22,55
2028,113,Dallas County,82,82 yrs,8496,3435,5061,4346,1806,2540,1787,634,1153,1790,741,1049,526,237,289,47,17,30
2028,113,Dallas County,83,83 yrs,8171,3230,4941,4279,1727,2552,1754,583,1171,1562,662,900,524,244,280,52,14,38
2028,113,Dallas County,84,84 yrs,7432,2957,4475,4036,1688,2348,1460,497,963,1448,563,885,446,198,248,42,11,31
2028,113,Dallas County,85,85 yrs,6711,2583,4128,3746,1485,2261,1337,440,897,1188,460,728,415,190,225,25,8,17
2028,113,Dallas County,86,86 yrs,5521,2065,3456,3079,1190,1889,1108,352,756,992,387,605,317,129,188,25,7,18
2028,113,Dallas County,87,87 yrs,4984,1839,3145,2753,1054,1699,986,290,696,930,363,567,295,127,168,20,5,15
2028,113,Dallas County,88,88 yrs,4224,1524,2700,2350,873,1477,804,238,566,796,297,499,256,112,144,18,4,14
2028,113,Dallas County,89,89 yrs,3612,1298,2314,2063,765,1298,666,196,470,650,236,414,220,99,121,13,2,11
2028,113,Dallas County,90,90 yrs,3039,1075,1964,1743,633,1110,540,152,388,555,203,352,190,85,105,11,2,9
2028,113,Dallas County,91,91 yrs,2505,838,1667,1427,487,940,457,118,339,441,160,281,172,72,100,8,1,7
2028,113,Dallas County,92,92 yrs,2106,690,1416,1219,414,805,384,87,297,362,131,231,132,57,75,9,1,8
2028,113,Dallas County,93,93 yrs,1767,546,1221,1042,317,725,321,87,234,298,100,198,100,41,59,6,1,5
2028,113,Dallas County,94,94 yrs,1339,406,933,790,239,551,250,58,192,221,79,142,73,29,44,5,1,4
2028,113,Dallas County,95,95+ yrs,3802,1032,2770,2191,591,1600,732,137,595,627,210,417,238,92,146,14,2,12
2029,113,Dallas County,-1,All Ages,3069250,1494918,1574332,756834,373324,383510,705824,328232,377592,1253192,620795,632397,278717,136924,141793,74683,35643,39040
2029,113,Dallas County,0,< 1 yr,46305,23625,22680,8076,4118,3958,9436,4817,4619,23193,11829,11364,3619,1850,1769,1981,1011,970
2029,113,Dallas County,1,1 yr,45799,23318,22481,8037,4097,3940,9419,4789,4630,22872,11653,11219,3541,1798,1743,1930,981,949
2029,113,Dallas County,2,2 yrs,45515,23184,22331,8050,4104,3946,9492,4829,4663,22602,11509,11093,3477,1774,1703,1894,968,926
2029,113,Dallas County,3,3 yrs,45210,22989,22221,8076,4117,3959,9550,4844,4706,22298,11346,10952,3425,1735,1690,1861,947,914
2029,113,Dallas County,4,4 yrs,44892,22840,22052,8106,4132,3974,9601,4875,4726,21979,11178,10801,3376,1719,1657,1830,936,894
2029,113,Dallas County,5,5 yrs,44580,22642,21938,8144,4152,3992,9651,4885,4766,21648,11003,10645,3337,1686,1651,1800,916,884
2029,113,Dallas County,6,6 yrs,44284,22482,21802,8210,4181,4029,9681,4908,4773,21303,10805,10498,3313,1682,1631,1777,906,871
2029,113,Dallas County,7,7 yrs,43993,22276,21717,8278,4210,4068,9704,4912,4792,20970,10613,10357,3289,1656,1633,1752,885,867
2029,113,Dallas County,8,8 yrs,43716,22130,21586,8347,4242,4105,9720,4927,4793,20647,10429,10218,3270,1654,1616,1732,878,854
2029,113,Dallas County,9,9 yrs,43462,21946,21516,8412,4270,4142,9728,4921,4807,20350,10258,10092,3264,1639,1625,1708,858,850
2029,113,Dallas County,10,10 yrs,43183,21797,21386,8465,4292,4173,9729,4930,4799,20065,10093,9972,3244,1636,1608,1680,846,834
2029,113,Dallas County,11,11 yrs,42927,21650,21277,8518,4312,4206,9592,4853,4739,19906,10027,9879,3277,1643,1634,1634,815,819
2029,113,Dallas County,12,12 yrs,42661,21541,21120,8547,4320,4227,9454,4790,4664,19770,9970,9800,3303,1667,1636,1587,794,793
2029,113,Dallas County,13,13 yrs,42402,21393,21009,8556,4317,4239,9303,4709,4594,19673,9934,9739,3327,1667,1660,1543,766,777
2029,113,Dallas County,14,14 yrs,42126,21287,20839,8542,4300,4242,9149,4641,4508,19603,9916,9687,3339,1685,1654,1493,745,748
2029,113,Dallas County,15,15 yrs,41768,21091,20677,8515,4289,4226,8950,4531,4419,19526,9883,9643,3340,1676,1664,1437,712,725
2029,113,Dallas County,16,16 yrs,42512,21441,21071,8904,4469,4435,8880,4495,4385,19746,9967,9779,3579,1813,1766,1403,697,706
2029,113,Dallas County,17,17 yrs,42834,21500,21334,9167,4569,4598,8659,4359,4300,19887,10012,9875,3781,1903,1878,1340,657,683
2029,113,Dallas County,18,18 yrs,41283,20801,20482,8684,4379,4305,8014,4073,3941,19507,9803,9704,3793,1917,1876,1285,629,656
2029,113,Dallas County,19,19 yrs,38632,19460,19172,6059,3078,2981,7617,3897,3720,20247,10076,10171,3503,1828,1675,1206,581,625
2029,113,Dallas County,20,20 yrs,40196,20141,20055,6263,3121,3142,7930,3986,3944,20958,10532,10426,3830,1954,1876,1215,548,667
2029,113,Dallas County,21,21 yrs,42690,21416,21274,6747,3343,3404,8570,4372,4198,21832,10974,10858,4221,2106,2115,1320,621,699
2029,113,Dallas County,22,22 yrs,43866,21868,21998,7218,3665,3553,9145,4644,4501,21868,10870,10998,4413,2143,2270,1222,546,676
2029,113,Dallas County,23,23 yrs,45088,22188,22900,7881,3961,3920,9550,4717,4833,21530,10544,10986,4836,2371,2465,1291,595,696
2029,113,Dallas County,24,24 yrs,45888,22517,23371,8584,4328,4256,9711,4772,4939,21302,10389,10913,5081,2475,2606,1210,553,657
2029,113,Dallas County,25,25 yrs,46765,22897,23868,9204,4632,4572,10075,4850,5225,20777,10137,10640,5440,2695,2745,1269,583,686
2029,113,Dallas County,26,26 yrs,46227,22588,23639,9134,4676,4458,10167,4915,5252,20276,9831,10445,5427,2595,2832,1223,571,652
2029,113,Dallas County,27,27 yrs,46916,22979,23937,9322,4776,4546,10663,5171,5492,20621,10009,10612,5169,2485,2684,1141,538,603
2029,113,Dallas County,28,28 yrs,47375,23357,24018,9656,5083,4573,10753,5282,5471,20210,9737,10473,5581,2741,2840,1175,514,661
2029,113,Dallas County,29,29 yrs,46515,22631,23884,9604,4951,4653,11327,5401,5926,19230,9261,9969,5188,2464,2724,1166,554,612
2029,113,Dallas County,30,30 yrs,45001,21852,23149,9702,5069,4633,11156,5352,5804,18083,8505,9578,4851,2408,2443,1209,518,691
2029,113,Dallas County,31,31 yrs,44387,21686,22701,9708,5069,4639,11466,5591,5875,17260,8117,9143,4719,2357,2362,1234,552,682
2029,113,Dallas County,32,32 yrs,44303,21416,22887,10100,5252,4848,11735,5605,6130,16667,7860,8807,4670,2192,2478,1131,507,624
2029,113,Dallas County,33,33 yrs,44069,21363,22706,9956,5152,4804,11971,5874,6097,16291,7495,8796,4675,2283,2392,1176,559,617
2029,113,Dallas County,34,34 yrs,44762,21976,22786,10230,5362,4868,12838,6232,6606,15809,7465,8344,4668,2358,2310,1217,559,658
2029,113,Dallas County,35,35 yrs,43867,21282,22585,9910,5183,4727,12950,6252,6698,15286,7165,8121,4608,2174,2434,1113,508,605
2029,113,Dallas County,36,36 yrs,43140,20935,22205,9521,4971,4550,13535,6508,7027,15070,7076,7994,3908,1905,2003,1106,475,631
2029,113,Dallas County,37,37 yrs,42323,20640,21683,9693,4995,4698,12964,6318,6646,14645,6922,7723,4052,1960,2092,969,445,524
2029,113,Dallas County,38,38 yrs,42563,20736,21827,9836,5072,4764,12848,6116,6732,14750,6975,7775,4127,2096,2031,1002,477,525
2029,113,Dallas County,39,39 yrs,41758,20448,21310,9907,5175,4732,12353,5764,6589,14342,6979,7363,4193,2080,2113,963,450,513
2029,113,Dallas County,40,40 yrs,40254,19605,20649,9591,4782,4809,11491,5363,6128,13995,6995,7000,4335,2097,2238,842,368,474
2029,113,Dallas County,41,41 yrs,40720,20056,20664,10259,5093,5166,10833,4980,5853,14486,7246,7240,4283,2363,1920,859,374,485
2029,113,Dallas County,42,42 yrs,40629,19650,20979,10681,5203,5478,10281,4710,5571,14644,7362,7282,4199,2049,2150,824,326,498
2029,113,Dallas County,43,43 yrs,41126,19767,21359,11093,5388,5705,10087,4458,5629,14696,7348,7348,4415,2177,2238,835,396,439
2029,113,Dallas County,44,44 yrs,39369,19224,20145,10622,5167,5455,9370,4211,5159,14564,7345,7219,4066,2176,1890,747,325,422
2029,113,Dallas County,45,45 yrs,39134,18920,20214,10261,5166,5095,9041,4037,5004,14611,7319,7292,4491,2055,2436,730,343,387
2029,113,Dallas County,46,46 yrs,40495,19556,20939,10407,5239,5168,9194,4040,5154,15525,7763,7762,4575,2161,2414,794,353,441
2029,113,Dallas County,47,47 yrs,39515,19299,20216,10034,5040,4994,8843,3923,4920,15555,7893,7662,4326,2096,2230,757,347,410
2029,113,Dallas County,48,48 yrs,39528,19111,20417,9850,4929,4921,8906,3906,5000,16051,8111,7940,4101,1872,2229,620,293,327
2029,113,Dallas County,49,49 yrs,39619,19359,20260,9386,4770,4616,8802,3838,4964,16576,8400,8176,4162,2020,2142,693,331,362
2029,113,Dallas County,50,50 yrs,36480,17912,18568,8610,4378,4232,8135,3594,4541,15427,7851,7576,3724,1806,1918,584,283,301
2029,113,Dallas County,51,51 yrs,36358,17785,18573,8436,4255,4181,7735,3345,4390,16106,8210,7896,3537,1739,1798,544,236,308
2029,113,Dallas County,52,52 yrs,35641,17239,18402,8248,4238,4010,7617,3278,4339,15838,7834,8004,3402,1635,1767,536,254,282
2029,113,Dallas County,53,53 yrs,35439,16992,18447,8040,4072,3968,7281,3079,4202,15931,7836,8095,3686,1751,1935,501,254,247
2029,113,Dallas County,54,54 yrs,36032,17634,18398,8274,4223,4051,7297,3171,4126,16419,8230,8189,3547,1764,1783,495,246,249
2029,113,Dallas County,55,55 yrs,34028,16371,17657,7924,3980,3944,7113,3019,4094,15227,7498,7729,3357,1668,1689,407,206,201
2029,113,Dallas County,56,56 yrs,34252,16720,17532,8189,4208,3981,7280,3152,4128,15082,7540,7542,3211,1571,1640,490,249,241
2029,113,Dallas County,57,57 yrs,34406,16721,17685,8627,4364,4263,7437,3230,4207,14789,7331,7458,3125,1581,1544,428,215,213
2029,113,Dallas County,58,58 yrs,34598,16683,17915,9342,4757,4585,7596,3225,4371,14154,6950,7204,3056,1542,1514,450,209,241
2029,113,Dallas County,59,59 yrs,34311,16645,17666,9335,4743,4592,7301,3105,4196,14371,7219,7152,2875,1361,1514,429,217,212
2029,113,Dallas County,60,60 yrs,31393,15538,15855,8717,4430,4287,6692,2966,3726,12910,6605,6305,2696,1351,1345,378,186,192
2029,113,Dallas County,61,61 yrs,30567,14901,15666,8407,4221,4186,6788,2929,3859,12492,6323,6169,2481,1235,1246,399,193,206
2029,113,Dallas County,62,62 yrs,29198,14219,14979,8295,4212,4083,6538,2799,3739,11803,6021,5782,2227,1022,1205,335,165,170
2029,113,Dallas County,63,63 yrs,28950,14078,14872,8312,4167,4145,6746,2851,3895,11356,5825,5531,2185,1067,1118,351,168,183
2029,113,Dallas County,64,64 yrs,29774,14564,15210,9166,4654,4512,7053,2977,4076,10963,5676,5287,2189,1075,1114,403,182,221
2029,113,Dallas County,65,65 yrs,28614,13941,14673,9444,4655,4789,6643,2783,3860,9955,5230,4725,2189,1085,1104,383,188,195
2029,113,Dallas County,66,66 yrs,27977,13320,14657,9818,4831,4987,6470,2658,3812,9269,4671,4598,2051,989,1062,369,171,198
2029,113,Dallas County,67,67 yrs,26803,12713,14090,9923,4768,5155,6311,2659,3652,8462,4283,4179,1801,863,938,306,140,166
2029,113,Dallas County,68,68 yrs,26476,12604,13872,9814,4739,5075,6292,2629,3663,8223,4180,4043,1821,910,911,326,146,180
2029,113,Dallas County,69,69 yrs,25775,12218,13557,9801,4674,5127,6176,2613,3563,7711,3941,3770,1774,835,939,313,155,158
2029,113,Dallas County,70,70 yrs,23793,11055,12738,9421,4500,4921,5702,2350,3352,6818,3361,3457,1590,724,866,262,120,142
2029,113,Dallas County,71,71 yrs,23062,10665,12397,9452,4478,4974,5521,2297,3224,6203,3011,3192,1611,749,862,275,130,145
2029,113,Dallas County,72,72 yrs,21915,9951,11964,9097,4210,4887,5236,2110,3126,5769,2781,2988,1578,748,830,235,102,133
2029,113,Dallas County,73,73 yrs,20620,9379,11241,8851,4159,4692,4824,1952,2872,5315,2534,2781,1412,635,777,218,99,119
2029,113,Dallas County,74,74 yrs,19406,8744,10662,8642,3978,4664,4472,1791,2681,4796,2288,2508,1307,612,695,189,75,114
2029,113,Dallas County,75,75 yrs,17312,7546,9766,7951,3508,4443,3882,1525,2357,4101,1896,2205,1211,547,664,167,70,97
2029,113,Dallas County,76,76 yrs,16557,7211,9346,7741,3460,4281,3655,1414,2241,3756,1722,2034,1244,556,688,161,59,102
2029,113,Dallas County,77,77 yrs,15060,6389,8671,7144,3118,4026,3419,1258,2161,3344,1485,1859,1018,473,545,135,55,80
2029,113,Dallas County,78,78 yrs,14124,6016,8108,6546,2879,3667,3274,1194,2080,3140,1425,1715,1055,475,580,109,43,66
2029,113,Dallas County,79,79 yrs,12985,5445,7540,6248,2691,3557,2904,1070,1834,2736,1191,1545,996,459,537,101,34,67
2029,113,Dallas County,80,80 yrs,12001,5028,6973,5914,2531,3383,2699,997,1702,2470,1088,1382,834,386,448,84,26,58
2029,113,Dallas County,81,81 yrs,11512,4699,6813,6052,2545,3507,2480,906,1574,2204,902,1302,704,320,384,72,26,46
2029,113,Dallas County,82,82 yrs,10579,4300,6279,5876,2488,3388,2057,723,1334,1973,792,1181,605,278,327,68,19,49
2029,113,Dallas County,83,83 yrs,8013,3199,4814,4085,1678,2407,1681,583,1098,1704,699,1005,501,224,277,42,15,27
2029,113,Dallas County,84,84 yrs,7662,2985,4677,3999,1594,2405,1642,532,1110,1478,618,860,498,230,268,45,11,34
2029,113,Dallas County,85,85 yrs,6913,2709,4204,3741,1543,2198,1357,450,907,1359,522,837,419,184,235,37,10,27
2029,113,Dallas County,86,86 yrs,6190,2348,3842,3440,1343,2097,1226,394,832,1105,423,682,396,181,215,23,7,16
2029,113,Dallas County,87,87 yrs,5045,1859,3186,2798,1063,1735,1011,315,696,913,352,561,300,122,178,23,7,16
2029,113,Dallas County,88,88 yrs,4495,1626,2869,2470,927,1543,889,252,637,845,326,519,274,117,157,17,4,13
2029,113,Dallas County,89,89 yrs,3767,1336,2431,2081,758,1323,715,209,506,719,264,455,237,102,135,15,3,12
2029,113,Dallas County,90,90 yrs,3173,1116,2057,1801,653,1148,583,165,418,576,206,370,202,90,112,11,2,9
2029,113,Dallas County,91,91 yrs,2625,906,1719,1493,529,964,469,124,345,483,175,308,172,77,95,8,1,7
2029,113,Dallas County,92,92 yrs,2122,695,1427,1198,398,800,386,97,289,378,135,243,153,64,89,7,1,6
2029,113,Dallas County,93,93 yrs,1751,560,1191,1000,328,672,324,74,250,304,108,196,116,49,67,7,1,6
2029,113,Dallas County,94,94 yrs,1426,425,1001,832,242,590,258,66,192,246,81,165,85,35,50,5,1,4
2029,113,Dallas County,95,95+ yrs,3898,1072,2826,2186,593,1593,773,149,624,667,227,440,258,101,157,14,2,12
2030,113,Dallas County,-1,All Ages,3106298,1511694,1594604,753492,371707,381785,714553,332499,382054,1270932,628245,642687,290418,142570,147848,76903,36673,40230
2030,113,Dallas County,0,< 1 yr,46650,23775,22875,8023,4091,3932,9444,4811,4633,23368,11917,11451,3781,1922,1859,2034,1034,1000
2030,113,Dallas County,1,1 yr,46152,23522,22630,7961,4058,3903,9438,4808,4630,23085,11763,11322,3689,1883,1806,1979,1010,969
2030,113,Dallas County,2,2 yrs,45896,23353,22543,7963,4059,3904,9510,4830,4680,22862,11641,11221,3619,1836,1783,1942,987,955
2030,113,Dallas County,3,3 yrs,45610,23217,22393,7977,4067,3910,9583,4870,4713,22591,11496,11095,3553,1810,1743,1906,974,932
2030,113,Dallas County,4,4 yrs,45304,23022,22282,8002,4079,3923,9643,4886,4757,22287,11333,10954,3500,1771,1729,1872,953,919
2030,113,Dallas County,5,5 yrs,44986,22873,22113,8032,4095,3937,9694,4917,4777,21969,11165,10804,3450,1754,1696,1841,942,899
2030,113,Dallas County,6,6 yrs,44661,22649,22012,8098,4124,3974,9729,4924,4805,21609,10961,10648,3410,1720,1690,1815,920,895
2030,113,Dallas County,7,7 yrs,44366,22490,21876,8163,4153,4010,9761,4948,4813,21265,10764,10501,3386,1716,1670,1791,909,882
2030,113,Dallas County,8,8 yrs,44072,22283,21789,8231,4182,4049,9783,4951,4832,20932,10572,10360,3360,1689,1671,1766,889,877
2030,113,Dallas County,9,9 yrs,43797,22138,21659,8300,4214,4086,9799,4967,4832,20610,10388,10222,3342,1687,1655,1746,882,864
2030,113,Dallas County,10,10 yrs,43546,21957,21589,8365,4242,4123,9807,4961,4846,20315,10219,10096,3337,1673,1664,1722,862,860
2030,113,Dallas County,11,11 yrs,43268,21845,21423,8425,4263,4162,9684,4908,4776,20129,10139,9990,3356,1693,1663,1674,842,832
2030,113,Dallas County,12,12 yrs,43007,21696,21311,8477,4284,4193,9545,4830,4715,19967,10071,9896,3390,1700,1690,1628,811,817
2030,113,Dallas County,13,13 yrs,42736,21584,21152,8503,4290,4213,9405,4766,4639,19831,10014,9817,3416,1724,1692,1581,790,791
2030,113,Dallas County,14,14 yrs,42473,21435,21038,8509,4286,4223,9255,4686,4569,19733,9977,9756,3440,1724,1716,1536,762,774
2030,113,Dallas County,15,15 yrs,42152,21309,20843,8500,4282,4218,9083,4605,4478,19637,9942,9695,3446,1739,1707,1486,741,745
2030,113,Dallas County,16,16 yrs,42936,21631,21305,8904,4469,4435,9033,4566,4467,19833,10012,9821,3714,1868,1846,1452,716,736
2030,113,Dallas County,17,17 yrs,43307,21764,21543,9182,4576,4606,8832,4455,4377,19974,10056,9918,3932,1993,1939,1387,684,703
2030,113,Dallas County,18,18 yrs,41777,21028,20749,8704,4390,4314,8194,4157,4037,19583,9839,9744,3959,1995,1964,1337,647,690
2030,113,Dallas County,19,19 yrs,39400,19823,19577,7847,3913,3934,7593,3871,3722,18765,9434,9331,3914,1983,1931,1281,622,659
2030,113,Dallas County,20,20 yrs,39921,20009,19912,6291,3193,3098,7776,3956,3820,20718,10237,10481,3894,2036,1858,1242,587,655
2030,113,Dallas County,21,21 yrs,41588,20688,20900,6570,3264,3306,8399,4178,4221,21080,10526,10554,4250,2140,2110,1289,580,709
2030,113,Dallas County,22,22 yrs,44515,22144,22371,7255,3582,3673,9123,4620,4503,21998,10957,11041,4730,2318,2412,1409,667,742
2030,113,Dallas County,23,23 yrs,46048,22820,23228,8018,4058,3960,9669,4879,4790,22056,10900,11156,5004,2409,2595,1301,574,727
2030,113,Dallas County,24,24 yrs,47090,23093,23997,8532,4308,4224,10029,4927,5102,21785,10616,11169,5363,2609,2754,1381,633,748
2030,113,Dallas County,25,25 yrs,47836,23335,24501,9251,4666,4585,10243,4996,5247,21434,10398,11036,5628,2695,2933,1280,580,700
2030,113,Dallas County,26,26 yrs,47272,23157,24115,9287,4702,4585,10358,4986,5372,20642,10022,10620,5687,2856,2831,1298,591,707
2030,113,Dallas County,27,27 yrs,46497,22669,23828,9078,4678,4400,10431,5022,5409,20087,9681,10406,5656,2709,2947,1245,579,666
2030,113,Dallas County,28,28 yrs,47293,23182,24111,9371,4843,4528,10907,5300,5607,20441,9872,10569,5415,2623,2792,1159,544,615
2030,113,Dallas County,29,29 yrs,47541,23357,24184,9533,5022,4511,11009,5386,5623,19985,9567,10418,5827,2870,2957,1187,512,675
2030,113,Dallas County,30,30 yrs,46740,22694,24046,9574,4963,4611,11577,5503,6074,19034,9120,9914,5363,2542,2821,1192,566,626
2030,113,Dallas County,31,31 yrs,45078,21876,23202,9595,5011,4584,11340,5444,5896,17927,8395,9532,5004,2507,2497,1212,519,693
2030,113,Dallas County,32,32 yrs,44275,21597,22678,9560,4996,4564,11608,5674,5934,17079,7989,9090,4802,2391,2411,1226,547,679
2030,113,Dallas County,33,33 yrs,44201,21329,22872,9945,5176,4769,11892,5686,6206,16467,7718,8749,4762,2240,2522,1135,509,626
2030,113,Dallas County,34,34 yrs,43901,21256,22645,9790,5062,4728,12114,5960,6154,16080,7360,8720,4744,2314,2430,1173,560,613
2030,113,Dallas County,35,35 yrs,44626,21873,22753,10051,5268,4783,12998,6317,6681,15627,7343,8284,4738,2390,2348,1212,555,657
2030,113,Dallas County,36,36 yrs,43744,21172,22572,9782,5109,4673,13009,6274,6735,15165,7081,8084,4672,2196,2476,1116,512,604
2030,113,Dallas County,37,37 yrs,43031,20827,22204,9404,4905,4499,13600,6532,7068,14959,6993,7966,3963,1923,2040,1105,474,631
2030,113,Dallas County,38,38 yrs,42190,20519,21671,9568,4924,4644,13016,6333,6683,14525,6835,7690,4113,1981,2132,968,446,522
2030,113,Dallas County,39,39 yrs,42435,20639,21796,9716,5008,4708,12894,6132,6762,14633,6899,7734,4190,2120,2070,1002,480,522
2030,113,Dallas County,40,40 yrs,41661,20364,21297,9781,5108,4673,12425,5798,6627,14238,6901,7337,4258,2107,2151,959,450,509
2030,113,Dallas County,41,41 yrs,40276,19579,20697,9540,4748,4792,11490,5354,6136,13995,6983,7012,4411,2130,2281,840,364,476
2030,113,Dallas County,42,42 yrs,40719,20026,20693,10193,5049,5144,10815,4965,5850,14490,7236,7254,4360,2402,1958,861,374,487
2030,113,Dallas County,43,43 yrs,40604,19601,21003,10617,5161,5456,10264,4700,5564,14632,7340,7292,4272,2080,2192,819,320,499
2030,113,Dallas County,44,44 yrs,41096,19715,21381,11019,5343,5676,10062,4439,5623,14694,7332,7362,4492,2209,2283,829,392,437
2030,113,Dallas County,45,45 yrs,39340,19197,20143,10541,5126,5415,9352,4204,5148,14560,7330,7230,4143,2215,1928,744,322,422
2030,113,Dallas County,46,46 yrs,39181,18909,20272,10217,5140,5077,9007,4018,4989,14649,7323,7326,4581,2087,2494,727,341,386
2030,113,Dallas County,47,47 yrs,40557,19556,21001,10361,5212,5149,9186,4042,5144,15558,7760,7798,4668,2195,2473,784,347,437
2030,113,Dallas County,48,48 yrs,39561,19301,20260,9988,5015,4973,8809,3911,4898,15596,7899,7697,4415,2131,2284,753,345,408
2030,113,Dallas County,49,49 yrs,39536,19080,20456,9799,4898,4901,8858,3884,4974,16082,8108,7974,4183,1901,2282,614,289,325
2030,113,Dallas County,50,50 yrs,39640,19355,20285,9326,4739,4587,8762,3825,4937,16620,8410,8210,4244,2051,2193,688,330,358
2030,113,Dallas County,51,51 yrs,36407,17872,18535,8528,4337,4191,8081,3565,4516,15435,7850,7585,3785,1836,1949,578,284,294
2030,113,Dallas County,52,52 yrs,36255,17723,18532,8347,4209,4138,7682,3319,4363,16096,8193,7903,3592,1766,1826,538,236,302
2030,113,Dallas County,53,53 yrs,35522,17161,18361,8158,4191,3967,7552,3241,4311,15829,7816,8013,3456,1661,1795,527,252,275
2030,113,Dallas County,54,54 yrs,35326,16920,18406,7951,4025,3926,7220,3048,4172,15914,7813,8101,3745,1779,1966,496,255,241
2030,113,Dallas County,55,55 yrs,36012,17595,18417,8220,4181,4039,7254,3143,4111,16441,8232,8209,3604,1791,1813,493,248,245
2030,113,Dallas County,56,56 yrs,33880,16262,17618,7819,3924,3895,7044,2982,4062,15214,7471,7743,3405,1684,1721,398,201,197
2030,113,Dallas County,57,57 yrs,34081,16592,17489,8078,4148,3930,7198,3104,4094,15066,7511,7555,3259,1586,1673,480,243,237
2030,113,Dallas County,58,58 yrs,34212,16588,17624,8504,4298,4206,7351,3180,4171,14767,7302,7465,3171,1598,1573,419,210,209
2030,113,Dallas County,59,59 yrs,34370,16532,17838,9205,4682,4523,7501,3172,4329,14124,6917,7207,3100,1557,1543,440,204,236
2030,113,Dallas County,60,60 yrs,34085,16499,17586,9199,4671,4528,7208,3054,4154,14339,7186,7153,2918,1375,1543,421,213,208
2030,113,Dallas County,61,61 yrs,30958,15287,15671,8501,4310,4191,6561,2889,3672,12787,6532,6255,2736,1375,1361,373,181,192
2030,113,Dallas County,62,62 yrs,30115,14644,15471,8194,4105,4089,6647,2850,3797,12360,6242,6118,2519,1258,1261,395,189,206
2030,113,Dallas County,63,63 yrs,28739,13955,14784,8077,4091,3986,6398,2720,3678,11678,5945,5733,2257,1039,1218,329,160,169
2030,113,Dallas County,64,64 yrs,28463,13805,14658,8088,4044,4044,6594,2769,3825,11217,5741,5476,2217,1086,1131,347,165,182
2030,113,Dallas County,65,65 yrs,29262,14280,14982,8911,4513,4398,6898,2894,4004,10835,5601,5234,2220,1094,1126,398,178,220
2030,113,Dallas County,66,66 yrs,28032,13611,14421,9200,4517,4683,6515,2717,3798,9789,5123,4666,2160,1073,1087,368,181,187
2030,113,Dallas County,67,67 yrs,27367,12978,14389,9554,4683,4871,6336,2591,3745,9106,4566,4540,2018,974,1044,353,164,189
2030,113,Dallas County,68,68 yrs,26184,12367,13817,9645,4615,5030,6177,2589,3588,8303,4182,4121,1766,847,919,293,134,159
2030,113,Dallas County,69,69 yrs,25820,12233,13587,9526,4578,4948,6147,2554,3593,8055,4071,3984,1782,891,891,310,139,171
2030,113,Dallas County,70,70 yrs,25114,11848,13266,9504,4510,4994,6028,2538,3490,7548,3836,3712,1737,817,920,297,147,150
2030,113,Dallas County,71,71 yrs,23256,10737,12519,9182,4360,4822,5569,2278,3291,6684,3273,3411,1575,715,860,246,111,135
2030,113,Dallas County,72,72 yrs,22498,10333,12165,9194,4330,4864,5380,2218,3162,6078,2929,3149,1589,736,853,257,120,137
2030,113,Dallas County,73,73 yrs,21330,9615,11715,8838,4064,4774,5084,2031,3053,5637,2695,2942,1552,732,820,219,93,126
2030,113,Dallas County,74,74 yrs,20040,9038,11002,8580,4003,4577,4682,1876,2806,5188,2451,2737,1387,618,769,203,90,113
2030,113,Dallas County,75,75 yrs,18805,8405,10400,8358,3820,4538,4328,1715,2613,4664,2206,2458,1280,596,684,175,68,107
2030,113,Dallas County,76,76 yrs,16730,7241,9489,7667,3362,4305,3724,1447,2277,3995,1831,2164,1191,539,652,153,62,91
2030,113,Dallas County,77,77 yrs,15938,6892,9046,7441,3306,4135,3490,1333,2157,3643,1656,1987,1219,546,673,145,51,94
2030,113,Dallas County,78,78 yrs,14449,6078,8371,6843,2964,3879,3262,1184,2078,3233,1420,1813,989,462,527,122,48,74
2030,113,Dallas County,79,79 yrs,13499,5702,7797,6246,2727,3519,3108,1122,1986,3022,1356,1666,1025,460,565,98,37,61
2030,113,Dallas County,80,80 yrs,12349,5130,7219,5933,2533,3400,2743,997,1746,2620,1127,1493,963,444,519,90,29,61
2030,113,Dallas County,81,81 yrs,11455,4751,6704,5631,2387,3244,2566,931,1635,2380,1041,1339,803,370,433,75,22,53
2030,113,Dallas County,82,82 yrs,10916,4405,6511,5724,2382,3342,2344,839,1505,2113,858,1255,672,304,368,63,22,41
2030,113,Dallas County,83,83 yrs,9978,4004,5974,5523,2312,3211,1938,666,1272,1881,748,1133,576,262,314,60,16,44
2030,113,Dallas County,84,84 yrs,7515,2955,4560,3818,1549,2269,1574,532,1042,1612,652,960,475,210,265,36,12,24
2030,113,Dallas County,85,85 yrs,7131,2737,4394,3709,1458,2251,1528,482,1046,1386,573,813,468,214,254,40,10,30
2030,113,Dallas County,86,86 yrs,6377,2464,3913,3436,1397,2039,1242,403,839,1265,480,785,400,175,225,34,9,25
2030,113,Dallas County,87,87 yrs,5658,2112,3546,3127,1200,1927,1120,353,767,1016,383,633,374,170,204,21,6,15
2030,113,Dallas County,88,88 yrs,4556,1646,2910,2513,936,1577,912,274,638,831,317,514,280,113,167,20,6,14
2030,113,Dallas County,89,89 yrs,4008,1426,2582,2187,805,1382,792,221,571,762,290,472,253,107,146,14,3,11
2030,113,Dallas County,90,90 yrs,3312,1148,2164,1817,646,1171,628,176,452,638,231,407,217,93,124,12,2,10
2030,113,Dallas County,91,91 yrs,2740,939,1801,1542,545,997,506,135,371,501,177,324,183,81,102,8,1,7
2030,113,Dallas County,92,92 yrs,2225,749,1476,1254,432,822,397,102,295,414,147,267,153,67,86,7,1,6
2030,113,Dallas County,93,93 yrs,1779,567,1212,985,316,669,336,83,253,317,111,206,135,56,79,6,1,5
2030,113,Dallas County,94,94 yrs,1415,437,978,799,251,548,260,56,204,251,87,164,100,42,58,5,1,4
2030,113,Dallas County,95,95+ yrs,4046,1118,2928,2217,596,1621,811,164,647,717,242,475,286,114,172,15,2,13
2031,113,Dallas County,-1,All Ages,3143315,1528475,1614840,750159,370090,380069,723072,336684,386388,1288340,635517,652823,302543,148435,154108,79201,37749,41452
2031,113,Dallas County,0,< 1 yr,46997,23976,23021,7999,4079,3920,9448,4823,4625,23503,11986,11517,3954,2020,1934,2093,1068,1025
2031,113,Dallas County,1,1 yr,46501,23676,22825,7909,4032,3877,9446,4803,4643,23259,11850,11409,3853,1957,1896,2034,1034,1000
2031,113,Dallas County,2,2 yrs,46247,23557,22690,7888,4021,3867,9529,4850,4679,23070,11749,11321,3769,1921,1848,1991,1016,975
2031,113,Dallas County,3,3 yrs,45986,23385,22601,7890,4022,3868,9600,4871,4729,22846,11626,11220,3697,1873,1824,1953,993,960
2031,113,Dallas County,4,4 yrs,45698,23248,22450,7902,4029,3873,9674,4911,4763,22577,11482,11095,3628,1846,1782,1917,980,937
2031,113,Dallas County,5,5 yrs,45394,23053,22341,7929,4042,3887,9735,4927,4808,22273,11319,10954,3573,1806,1767,1884,959,925
2031,113,Dallas County,6,6 yrs,45060,22876,22184,7984,4066,3918,9771,4955,4816,21925,11120,10805,3524,1789,1735,1856,946,910
2031,113,Dallas County,7,7 yrs,44736,22654,22082,8049,4095,3954,9807,4963,4844,21566,10916,10650,3485,1756,1729,1829,924,905
2031,113,Dallas County,8,8 yrs,44440,22494,21946,8115,4124,3991,9838,4986,4852,21222,10720,10502,3460,1751,1709,1805,913,892
2031,113,Dallas County,9,9 yrs,44151,22289,21862,8184,4154,4030,9862,4990,4872,20890,10529,10361,3434,1723,1711,1781,893,888
2031,113,Dallas County,10,10 yrs,43872,22142,21730,8251,4185,4066,9877,5005,4872,20567,10344,10223,3416,1722,1694,1761,886,875
2031,113,Dallas County,11,11 yrs,43625,22004,21621,8325,4214,4111,9758,4937,4821,20376,10264,10112,3451,1731,1720,1715,858,857
2031,113,Dallas County,12,12 yrs,43344,21890,21454,8384,4235,4149,9633,4883,4750,20189,10183,10006,3471,1752,1719,1667,837,830
2031,113,Dallas County,13,13 yrs,43079,21739,21340,8433,4254,4179,9494,4806,4688,20026,10114,9912,3505,1759,1746,1621,806,815
2031,113,Dallas County,14,14 yrs,42804,21625,21179,8457,4259,4198,9353,4741,4612,19888,10056,9832,3531,1783,1748,1575,786,789
2031,113,Dallas County,15,15 yrs,42498,21457,21041,8467,4268,4199,9187,4649,4538,19766,10003,9763,3549,1779,1770,1529,758,771
2031,113,Dallas County,16,16 yrs,43333,21855,21478,8889,4462,4427,9167,4640,4527,19946,10072,9874,3831,1937,1894,1500,744,756
2031,113,Dallas County,17,17 yrs,43746,21963,21783,9181,4576,4605,8985,4526,4459,20063,10102,9961,4080,2055,2025,1437,704,733
2031,113,Dallas County,18,18 yrs,42280,21304,20976,8723,4399,4324,8372,4255,4117,19678,9886,9792,4124,2091,2033,1383,673,710
2031,113,Dallas County,19,19 yrs,39923,20067,19856,7871,3926,3945,7771,3956,3815,18854,9476,9378,4092,2068,2024,1335,641,694
2031,113,Dallas County,20,20 yrs,40759,20401,20358,8130,4047,4083,7757,3933,3824,19209,9589,9620,4346,2206,2140,1317,626,691
2031,113,Dallas County,21,21 yrs,41308,20568,20740,6599,3339,3260,8236,4146,4090,20836,10230,10606,4323,2233,2090,1314,620,694
2031,113,Dallas County,22,22 yrs,43383,21397,21986,7066,3499,3567,8945,4417,4528,21239,10507,10732,4759,2352,2407,1374,622,752
2031,113,Dallas County,23,23 yrs,46747,23108,23639,8059,3965,4094,9648,4854,4794,22183,10984,11199,5355,2602,2753,1502,703,799
2031,113,Dallas County,24,24 yrs,48071,23736,24335,8677,4412,4265,10150,5095,5055,22305,10969,11336,5547,2649,2898,1392,611,781
2031,113,Dallas County,25,25 yrs,49083,23930,25153,9194,4644,4550,10577,5160,5417,21914,10622,11292,5938,2840,3098,1460,664,796
2031,113,Dallas County,26,26 yrs,48344,23589,24755,9335,4738,4597,10532,5134,5398,21288,10275,11013,5880,2854,3026,1309,588,721
2031,113,Dallas County,27,27 yrs,47544,23244,24300,9229,4703,4526,10626,5095,5531,20445,9867,10578,5924,2981,2943,1320,598,722
2031,113,Dallas County,28,28 yrs,46878,22876,24002,9122,4741,4381,10672,5149,5523,19907,9547,10360,5914,2854,3060,1263,585,678
2031,113,Dallas County,29,29 yrs,47450,23180,24270,9254,4787,4467,11167,5406,5761,20210,9699,10511,5649,2745,2904,1170,543,627
2031,113,Dallas County,30,30 yrs,47758,23420,24338,9503,5033,4470,11248,5485,5763,19779,9420,10359,6017,2960,3057,1211,522,689
2031,113,Dallas County,31,31 yrs,46818,22712,24106,9465,4904,4561,11764,5596,6168,18866,9002,9864,5527,2642,2885,1196,568,628
2031,113,Dallas County,32,32 yrs,44954,21780,23174,9448,4938,4510,11475,5523,5952,17736,8261,9475,5091,2543,2548,1204,515,689
2031,113,Dallas County,33,33 yrs,44177,21519,22658,9416,4926,4490,11762,5755,6007,16873,7845,9028,4895,2443,2452,1231,550,681
2031,113,Dallas County,34,34 yrs,44016,21209,22807,9779,5086,4693,12028,5767,6261,16247,7577,8670,4830,2269,2561,1132,510,622
2031,113,Dallas County,35,35 yrs,43752,21148,22604,9617,4972,4645,12262,6041,6221,15895,7238,8657,4810,2341,2469,1168,556,612
2031,113,Dallas County,36,36 yrs,44491,21758,22733,9921,5193,4728,13052,6335,6717,15500,7257,8243,4803,2414,2389,1215,559,656
2031,113,Dallas County,37,37 yrs,43633,21061,22572,9660,5040,4620,13067,6294,6773,15052,6998,8054,4738,2218,2520,1116,511,605
2031,113,Dallas County,38,38 yrs,42882,20694,22188,9279,4834,4445,13649,6543,7106,14834,6903,7931,4017,1940,2077,1103,474,629
2031,113,Dallas County,39,39 yrs,42053,20413,21640,9447,4859,4588,13059,6346,6713,14405,6757,7648,4174,2002,2172,968,449,519
2031,113,Dallas County,40,40 yrs,42339,20558,21781,9589,4941,4648,12971,6170,6801,14527,6822,7705,4252,2144,2108,1000,481,519
2031,113,Dallas County,41,41 yrs,41678,20336,21342,9727,5072,4655,12422,5789,6633,14238,6887,7351,4334,2142,2192,957,446,511
2031,113,Dallas County,42,42 yrs,40270,19543,20727,9476,4705,4771,11469,5339,6130,13996,6972,7024,4488,2163,2325,841,364,477
2031,113,Dallas County,43,43 yrs,40697,19983,20714,10131,5008,5123,10798,4954,5844,14477,7214,7263,4435,2439,1996,856,368,488
2031,113,Dallas County,44,44 yrs,40574,19548,21026,10546,5118,5428,10239,4681,5558,14629,7323,7306,4346,2110,2236,814,316,498
2031,113,Dallas County,45,45 yrs,41078,19688,21390,10938,5302,5636,10052,4435,5617,14687,7315,7372,4576,2248,2328,825,388,437
2031,113,Dallas County,46,46 yrs,39375,19188,20187,10496,5100,5396,9315,4184,5131,14596,7333,7263,4226,2250,1976,742,321,421
2031,113,Dallas County,47,47 yrs,39242,18908,20334,10172,5114,5058,8998,4020,4978,14680,7320,7360,4673,2118,2555,719,336,383
2031,113,Dallas County,48,48 yrs,40606,19557,21049,10315,5186,5129,9149,4029,5120,15597,7766,7831,4763,2230,2533,782,346,436
2031,113,Dallas County,49,49 yrs,39571,19273,20298,9935,4983,4952,8763,3890,4873,15625,7896,7729,4503,2164,2339,745,340,405
2031,113,Dallas County,50,50 yrs,39556,19075,20481,9737,4866,4871,8819,3873,4946,16126,8118,8008,4265,1930,2335,609,288,321
2031,113,Dallas County,51,51 yrs,39565,19311,20254,9237,4694,4543,8703,3792,4911,16628,8407,8221,4315,2086,2229,682,332,350
2031,113,Dallas County,52,52 yrs,36305,17809,18496,8440,4291,4149,8026,3537,4489,15424,7833,7591,3844,1864,1980,571,284,287
2031,113,Dallas County,53,53 yrs,36137,17648,18489,8257,4163,4094,7616,3282,4334,16085,8173,7912,3650,1795,1855,529,235,294
2031,113,Dallas County,54,54 yrs,35402,17085,18317,8068,4143,3925,7488,3208,4280,15813,7794,8019,3511,1687,1824,522,253,269
2031,113,Dallas County,55,55 yrs,35317,16885,18432,7901,3984,3917,7177,3021,4156,15936,7815,8121,3807,1807,2000,496,258,238
2031,113,Dallas County,56,56 yrs,35861,17481,18380,8112,4123,3989,7185,3105,4080,16424,8201,8223,3657,1810,1847,483,242,241
2031,113,Dallas County,57,57 yrs,33723,16145,17578,7714,3868,3846,6965,2938,4027,15197,7442,7755,3457,1701,1756,390,196,194
2031,113,Dallas County,58,58 yrs,33899,16464,17435,7963,4085,3878,7114,3056,4058,15045,7483,7562,3306,1602,1704,471,238,233
2031,113,Dallas County,59,59 yrs,34001,16442,17559,8381,4231,4150,7259,3127,4132,14734,7266,7468,3216,1613,1603,411,205,206
2031,113,Dallas County,60,60 yrs,34142,16387,17755,9070,4611,4459,7404,3119,4285,14093,6885,7208,3145,1573,1572,430,199,231
2031,113,Dallas County,61,61 yrs,33614,16230,17384,8972,4546,4426,7066,2973,4093,14201,7105,7096,2960,1398,1562,415,208,207
2031,113,Dallas County,62,62 yrs,30504,15028,15476,8284,4191,4093,6424,2811,3613,12653,6450,6203,2775,1399,1376,368,177,191
2031,113,Dallas County,63,63 yrs,29654,14385,15269,7981,3989,3992,6503,2770,3733,12228,6163,6065,2553,1279,1274,389,184,205
2031,113,Dallas County,64,64 yrs,28266,13688,14578,7861,3972,3889,6252,2641,3611,11537,5860,5677,2290,1058,1232,326,157,169
2031,113,Dallas County,65,65 yrs,27988,13546,14442,7863,3922,3941,6446,2691,3755,11087,5665,5422,2248,1105,1143,344,163,181
2031,113,Dallas County,66,66 yrs,28674,13946,14728,8681,4381,4300,6764,2824,3940,10656,5488,5168,2192,1082,1110,381,171,210
2031,113,Dallas County,67,67 yrs,27425,13266,14159,8952,4378,4574,6380,2649,3731,9615,5008,4607,2127,1058,1069,351,173,178
2031,113,Dallas County,68,68 yrs,26742,12631,14111,9285,4533,4752,6202,2524,3678,8938,4460,4478,1979,956,1023,338,158,180
2031,113,Dallas County,69,69 yrs,25537,12005,13532,9363,4460,4903,6033,2514,3519,8133,4072,4061,1729,830,899,279,129,150
2031,113,Dallas County,70,70 yrs,25158,11865,13293,9234,4416,4818,5999,2481,3518,7885,3963,3922,1745,872,873,295,133,162
2031,113,Dallas County,71,71 yrs,24547,11509,13038,9263,4370,4893,5887,2460,3427,7397,3735,3662,1721,808,913,279,136,143
2031,113,Dallas County,72,72 yrs,22693,10403,12290,8932,4216,4716,5426,2199,3227,6549,3184,3365,1556,703,853,230,101,129
2031,113,Dallas County,73,73 yrs,21899,9983,11916,8932,4180,4752,5224,2135,3089,5939,2838,3101,1564,720,844,240,110,130
2031,113,Dallas County,74,74 yrs,20733,9269,11464,8568,3911,4657,4935,1953,2982,5501,2607,2894,1524,713,811,205,85,120
2031,113,Dallas County,75,75 yrs,19420,8686,10734,8297,3843,4454,4531,1796,2735,5046,2364,2682,1358,601,757,188,82,106
2031,113,Dallas County,76,76 yrs,18167,8066,10101,8060,3663,4397,4149,1627,2522,4539,2128,2411,1260,589,671,159,59,100
2031,113,Dallas County,77,77 yrs,16109,6923,9186,7372,3213,4159,3558,1365,2193,3875,1761,2114,1167,530,637,137,54,83
2031,113,Dallas County,78,78 yrs,15293,6559,8734,7128,3144,3984,3328,1254,2074,3521,1583,1938,1185,533,652,131,45,86
2031,113,Dallas County,79,79 yrs,13806,5756,8050,6530,2807,3723,3094,1111,1983,3112,1350,1762,961,447,514,109,41,68
2031,113,Dallas County,80,80 yrs,12838,5371,7467,5930,2567,3363,2936,1044,1892,2893,1283,1610,991,445,546,88,32,56
2031,113,Dallas County,81,81 yrs,11793,4850,6943,5649,2389,3260,2610,932,1678,2525,1078,1447,929,426,503,80,25,55
2031,113,Dallas County,82,82 yrs,10870,4459,6411,5328,2235,3093,2427,863,1564,2281,990,1291,767,352,415,67,19,48
2031,113,Dallas County,83,83 yrs,10299,4104,6195,5383,2214,3169,2207,774,1433,2013,810,1203,640,287,353,56,19,37
2031,113,Dallas County,84,84 yrs,9355,3700,5655,5161,2134,3027,1816,609,1207,1780,698,1082,546,246,300,52,13,39
2031,113,Dallas County,85,85 yrs,6998,2709,4289,3542,1417,2125,1464,481,983,1514,605,909,447,196,251,31,10,21
2031,113,Dallas County,86,86 yrs,6587,2495,4092,3410,1321,2089,1403,434,969,1290,527,763,447,204,243,37,9,28
2031,113,Dallas County,87,87 yrs,5829,2218,3611,3123,1249,1874,1136,361,775,1162,435,727,378,165,213,30,8,22
2031,113,Dallas County,88,88 yrs,5112,1874,3238,2809,1058,1751,1011,308,703,925,345,580,349,158,191,18,5,13
2031,113,Dallas County,89,89 yrs,4065,1444,2621,2227,814,1413,813,240,573,749,281,468,259,104,155,17,5,12
2031,113,Dallas County,90,90 yrs,3531,1229,2302,1912,688,1224,696,186,510,677,254,423,233,98,135,13,3,10
2031,113,Dallas County,91,91 yrs,2866,969,1897,1557,540,1017,547,145,402,554,198,356,199,85,114,9,1,8
2031,113,Dallas County,92,92 yrs,2325,777,1548,1297,446,851,428,110,318,430,149,281,163,71,92,7,1,6
2031,113,Dallas County,93,93 yrs,1865,611,1254,1032,344,688,344,86,258,349,122,227,134,58,76,6,1,5
2031,113,Dallas County,94,94 yrs,1441,443,998,788,242,546,272,63,209,262,90,172,114,47,67,5,1,4
2031,113,Dallas County,95,95+ yrs,4159,1167,2992,2218,607,1611,846,170,676,760,259,501,320,129,191,15,2,13
2032,113,Dallas County,-1,All Ages,3180295,1545189,1635106,746882,368498,378384,731325,340738,390587,1305414,642610,662804,315124,154503,160621,81550,38840,42710
2032,113,Dallas County,0,< 1 yr,47353,24136,23217,7994,4077,3917,9457,4818,4639,23611,12041,11570,4136,2104,2032,2155,1096,1059
2032,113,Dallas County,1,1 yr,46846,23875,22971,7886,4020,3866,9449,4814,4635,23390,11917,11473,4029,2056,1973,2092,1068,1024
2032,113,Dallas County,2,2 yrs,46593,23710,22883,7836,3995,3841,9534,4843,4691,23241,11834,11407,3936,1997,1939,2046,1041,1005
2032,113,Dallas County,3,3 yrs,46332,23585,22747,7813,3983,3830,9616,4889,4727,23052,11732,11320,3848,1958,1890,2003,1023,980
2032,113,Dallas County,4,4 yrs,46073,23416,22657,7816,3984,3832,9689,4911,4778,22828,11610,11218,3774,1910,1864,1966,1001,965
2032,113,Dallas County,5,5 yrs,45784,23277,22507,7828,3991,3837,9765,4952,4813,22558,11465,11093,3705,1883,1822,1928,986,942
2032,113,Dallas County,6,6 yrs,45461,23053,22408,7880,4013,3867,9810,4965,4845,22224,11271,10953,3650,1842,1808,1897,962,935
2032,113,Dallas County,7,7 yrs,45128,22875,22253,7935,4037,3898,9846,4992,4854,21878,11073,10805,3599,1824,1775,1870,949,921
2032,113,Dallas County,8,8 yrs,44803,22654,22149,8000,4066,3934,9881,5000,4881,21520,10870,10650,3559,1791,1768,1843,927,916
2032,113,Dallas County,9,9 yrs,44508,22495,22013,8065,4095,3970,9913,5023,4890,21176,10675,10501,3535,1785,1750,1819,917,902
2032,113,Dallas County,10,10 yrs,44217,22290,21927,8133,4124,4009,9938,5028,4910,20843,10483,10360,3508,1758,1750,1795,897,898
2032,113,Dallas County,11,11 yrs,43949,22188,21761,8211,4157,4054,9824,4979,4845,20626,10388,10238,3534,1782,1752,1754,882,872
2032,113,Dallas County,12,12 yrs,43697,22045,21652,8282,4184,4098,9705,4911,4794,20435,10307,10128,3568,1790,1778,1707,853,854
2032,113,Dallas County,13,13 yrs,43413,21931,21482,8340,4205,4135,9579,4857,4722,20246,10225,10021,3587,1811,1776,1661,833,828
2032,113,Dallas County,14,14 yrs,43144,21777,21367,8385,4222,4163,9439,4779,4660,20081,10155,9926,3624,1819,1805,1615,802,813
2032,113,Dallas County,15,15 yrs,42827,21646,21181,8414,4241,4173,9281,4702,4579,19919,10081,9838,3645,1840,1805,1568,782,786
2032,113,Dallas County,16,16 yrs,43689,22006,21683,8853,4446,4407,9269,4683,4586,20075,10133,9942,3947,1983,1964,1545,761,784
2032,113,Dallas County,17,17 yrs,44162,22194,21968,9167,4569,4598,9121,4601,4520,20175,10161,10014,4212,2131,2081,1487,732,755
2032,113,Dallas County,18,18 yrs,42752,21521,21231,8728,4402,4326,8528,4328,4200,19776,9937,9839,4286,2161,2125,1434,693,741
2032,113,Dallas County,19,19 yrs,40459,20357,20102,7895,3937,3958,7950,4053,3897,18962,9529,9433,4271,2171,2100,1381,667,714
2032,113,Dallas County,20,20 yrs,41304,20656,20648,8155,4060,4095,7936,4018,3918,19297,9631,9666,4544,2302,2242,1372,645,727
2032,113,Dallas County,21,21 yrs,42265,21008,21257,8523,4230,4293,8198,4115,4083,19320,9582,9738,4831,2420,2411,1393,661,732
2032,113,Dallas County,22,22 yrs,43105,21294,21811,7095,3577,3518,8773,4384,4389,20993,10211,10782,4842,2457,2385,1402,665,737
2032,113,Dallas County,23,23 yrs,45587,22344,23243,7853,3876,3977,9464,4642,4822,21418,10532,10886,5388,2639,2749,1464,655,809
2032,113,Dallas County,24,24 yrs,48811,24034,24777,8717,4308,4409,10129,5068,5061,22430,11051,11379,5930,2860,3070,1605,747,858
2032,113,Dallas County,25,25 yrs,50089,24584,25505,9351,4757,4594,10698,5332,5366,22428,10973,11455,6140,2882,3258,1472,640,832
2032,113,Dallas County,26,26 yrs,49605,24190,25415,9279,4715,4564,10871,5302,5569,21763,10497,11266,6200,3004,3196,1492,672,820
2032,113,Dallas County,27,27 yrs,48615,23671,24944,9278,4741,4537,10802,5244,5558,21081,10114,10967,6123,2977,3146,1331,595,736
2032,113,Dallas County,28,28 yrs,47933,23460,24473,9273,4767,4506,10871,5224,5647,20257,9727,10530,6193,3139,3054,1339,603,736
2032,113,Dallas County,29,29 yrs,47047,22880,24167,9005,4684,4321,10928,5252,5676,19676,9376,10300,6163,2984,3179,1275,584,691
2032,113,Dallas County,30,30 yrs,47654,23236,24418,9225,4799,4426,11409,5507,5902,19999,9548,10451,5827,2828,2999,1194,554,640
2032,113,Dallas County,31,31 yrs,47830,23437,24393,9395,4974,4421,11429,5575,5854,19601,9296,10305,6190,3068,3122,1215,524,691
2032,113,Dallas County,32,32 yrs,46692,22608,24084,9318,4832,4486,11902,5675,6227,18661,8858,9803,5624,2680,2944,1187,563,624
2032,113,Dallas County,33,33 yrs,44845,21696,23149,9304,4869,4435,11623,5601,6022,17520,8111,9409,5190,2598,2592,1208,517,691
2032,113,Dallas County,34,34 yrs,43993,21403,22590,9258,4840,4418,11897,5836,6061,16648,7702,8946,4964,2475,2489,1226,550,676
2032,113,Dallas County,35,35 yrs,43852,21086,22766,9604,4993,4611,12170,5843,6327,16054,7450,8604,4897,2294,2603,1127,506,621
2032,113,Dallas County,36,36 yrs,43609,21032,22577,9490,4900,4590,12309,6058,6251,15766,7151,8615,4875,2364,2511,1169,559,610
2032,113,Dallas County,37,37 yrs,44371,21644,22727,9798,5123,4675,13106,6353,6753,15382,7171,8211,4871,2439,2432,1214,558,656
2032,113,Dallas County,38,38 yrs,43487,20929,22558,9534,4969,4565,13112,6304,6808,14925,6907,8018,4803,2238,2565,1113,511,602
2032,113,Dallas County,39,39 yrs,42727,20576,22151,9161,4770,4391,13688,6553,7135,14708,6822,7886,4070,1956,2114,1100,475,625
2032,113,Dallas County,40,40 yrs,41936,20318,21618,9318,4791,4527,13127,6378,6749,14294,6677,7617,4233,2023,2210,964,449,515
2032,113,Dallas County,41,41 yrs,42355,20530,21825,9536,4906,4630,12967,6160,6807,14526,6808,7718,4329,2179,2150,997,477,520
2032,113,Dallas County,42,42 yrs,41666,20293,21373,9662,5027,4635,12396,5770,6626,14240,6875,7365,4410,2176,2234,958,445,513
2032,113,Dallas County,43,43 yrs,40246,19493,20753,9418,4666,4752,11446,5325,6121,13981,6949,7032,4565,2195,2370,836,358,478
2032,113,Dallas County,44,44 yrs,40666,19937,20729,10064,4967,5097,10771,4934,5837,14474,7198,7276,4508,2474,2034,849,364,485
2032,113,Dallas County,45,45 yrs,40551,19518,21033,10467,5078,5389,10225,4674,5551,14622,7306,7316,4426,2147,2279,811,313,498
2032,113,Dallas County,46,46 yrs,41124,19677,21447,10894,5277,5617,10019,4415,5604,14723,7318,7405,4666,2281,2385,822,386,436
2032,113,Dallas County,47,47 yrs,39424,19188,20236,10450,5074,5376,9303,4183,5120,14628,7331,7297,4309,2284,2025,734,316,418
2032,113,Dallas County,48,48 yrs,39290,18908,20382,10127,5089,5038,8963,4008,4955,14717,7325,7392,4768,2152,2616,715,334,381
2032,113,Dallas County,49,49 yrs,40618,19528,21090,10261,5153,5108,9102,4008,5094,15624,7762,7862,4858,2264,2594,773,341,432
2032,113,Dallas County,50,50 yrs,39594,19270,20324,9873,4951,4922,8726,3879,4847,15664,7903,7761,4591,2198,2393,740,339,401
2032,113,Dallas County,51,51 yrs,39477,19026,20451,9645,4820,4825,8760,3840,4920,16134,8116,8018,4336,1962,2374,602,288,314
2032,113,Dallas County,52,52 yrs,39457,19242,20215,9142,4645,4497,8640,3759,4881,16617,8388,8229,4384,2118,2266,674,332,342
2032,113,Dallas County,53,53 yrs,36185,17733,18452,8349,4245,4104,7958,3499,4459,15413,7814,7599,3903,1893,2010,562,282,280
2032,113,Dallas County,54,54 yrs,36017,17576,18441,8168,4117,4051,7552,3250,4302,16066,8150,7916,3707,1823,1884,524,236,288
2032,113,Dallas County,55,55 yrs,35380,17045,18335,8016,4102,3914,7444,3180,4264,15833,7795,8038,3567,1713,1854,520,255,265
2032,113,Dallas County,56,56 yrs,35173,16774,18399,7797,3928,3869,7109,2984,4125,15921,7786,8135,3862,1825,2037,484,251,233
2032,113,Dallas County,57,57 yrs,35692,17355,18337,8004,4065,3939,7104,3059,4045,16401,8167,8234,3711,1828,1883,472,236,236
2032,113,Dallas County,58,58 yrs,33548,16022,17526,7604,3809,3795,6882,2892,3990,15175,7413,7762,3506,1717,1789,381,191,190
2032,113,Dallas County,59,59 yrs,33699,16323,17376,7847,4021,3826,7025,3005,4020,15013,7448,7565,3352,1616,1736,462,233,229
2032,113,Dallas County,60,60 yrs,33792,16304,17488,8260,4168,4092,7167,3076,4091,14700,7231,7469,3263,1629,1634,402,200,202
2032,113,Dallas County,61,61 yrs,33676,16127,17549,8846,4487,4359,7258,3037,4221,13957,6808,7149,3191,1601,1590,424,194,230
2032,113,Dallas County,62,62 yrs,33130,15957,17173,8745,4422,4323,6921,2893,4028,14053,7016,7037,3001,1422,1579,410,204,206
2032,113,Dallas County,63,63 yrs,30044,14768,15276,8069,4073,3996,6283,2732,3551,12517,6368,6149,2813,1423,1390,362,172,190
2032,113,Dallas County,64,64 yrs,29174,14120,15054,7767,3872,3895,6355,2692,3663,12079,6075,6004,2589,1301,1288,384,180,204
2032,113,Dallas County,65,65 yrs,27803,13434,14369,7642,3851,3791,6112,2567,3545,11403,5784,5619,2323,1077,1246,323,155,168
2032,113,Dallas County,66,66 yrs,27433,13233,14200,7660,3807,3853,6322,2627,3695,10905,5551,5354,2218,1092,1126,328,156,172
2032,113,Dallas County,67,67 yrs,28061,13599,14462,8447,4247,4200,6624,2754,3870,10467,5366,5101,2157,1067,1090,366,165,201
2032,113,Dallas County,68,68 yrs,26797,12913,13884,8700,4238,4462,6243,2580,3663,9434,4891,4543,2086,1039,1047,334,165,169
2032,113,Dallas County,69,69 yrs,26086,12262,13824,9014,4381,4633,6057,2451,3606,8755,4343,4412,1938,936,1002,322,151,171
2032,113,Dallas County,70,70 yrs,24884,11643,13241,9079,4303,4776,5886,2441,3445,7962,3964,3998,1692,812,880,265,123,142
2032,113,Dallas County,71,71 yrs,24591,11528,13063,9000,4280,4720,5856,2404,3452,7730,3860,3870,1728,862,866,277,122,155
2032,113,Dallas County,72,72 yrs,23952,11154,12798,9012,4227,4785,5735,2375,3360,7246,3634,3612,1699,794,905,260,124,136
2032,113,Dallas County,73,73 yrs,22091,10054,12037,8678,4071,4607,5268,2117,3151,6398,3085,3313,1531,688,843,216,93,123
2032,113,Dallas County,74,74 yrs,21287,9625,11662,8658,4024,4634,5072,2053,3019,5796,2746,3050,1537,702,835,224,100,124
2032,113,Dallas County,75,75 yrs,20098,8913,11185,8289,3757,4532,4776,1870,2906,5351,2515,2836,1492,694,798,190,77,113
2032,113,Dallas County,76,76 yrs,18764,8335,10429,8002,3685,4317,4342,1702,2640,4911,2281,2630,1337,594,743,172,73,99
2032,113,Dallas County,77,77 yrs,17492,7712,9780,7747,3500,4247,3963,1535,2428,4403,2047,2356,1234,578,656,145,52,93
2032,113,Dallas County,78,78 yrs,15463,6589,8874,7063,3055,4008,3394,1285,2109,3748,1685,2063,1134,517,617,124,47,77
2032,113,Dallas County,79,79 yrs,14618,6218,8400,6803,2979,3824,3157,1178,1979,3389,1506,1883,1152,517,635,117,38,79
2032,113,Dallas County,80,80 yrs,13136,5427,7709,6204,2644,3560,2923,1035,1888,2980,1278,1702,931,434,497,98,36,62
2032,113,Dallas County,81,81 yrs,12263,5080,7183,5648,2423,3225,2796,977,1819,2786,1226,1560,955,427,528,78,27,51
2032,113,Dallas County,82,82 yrs,11192,4553,6639,5346,2238,3108,2469,865,1604,2421,1025,1396,886,404,482,70,21,49
2032,113,Dallas County,83,83 yrs,10259,4158,6101,5013,2080,2933,2285,796,1489,2171,934,1237,731,332,399,59,16,43
2032,113,Dallas County,84,84 yrs,9659,3794,5865,5031,2045,2986,2066,707,1359,1906,756,1150,607,270,337,49,16,33
2032,113,Dallas County,85,85 yrs,8706,3391,5315,4787,1952,2835,1689,551,1138,1671,648,1023,514,229,285,45,11,34
2032,113,Dallas County,86,86 yrs,6460,2467,3993,3255,1284,1971,1343,432,911,1408,556,852,426,186,240,28,9,19
2032,113,Dallas County,87,87 yrs,6031,2250,3781,3103,1182,1921,1286,390,896,1186,478,708,423,192,231,33,8,25
2032,113,Dallas County,88,88 yrs,5268,1969,3299,2805,1102,1703,1026,315,711,1058,392,666,352,153,199,27,7,20
2032,113,Dallas County,89,89 yrs,4564,1646,2918,2488,919,1569,902,270,632,834,307,527,324,145,179,16,5,11
2032,113,Dallas County,90,90 yrs,3579,1243,2336,1948,696,1252,716,203,513,664,246,418,237,94,143,14,4,10
2032,113,Dallas County,91,91 yrs,3058,1038,2020,1639,575,1064,608,154,454,588,218,370,213,89,124,10,2,8
2032,113,Dallas County,92,92 yrs,2438,805,1633,1311,442,869,464,119,345,477,168,309,178,75,103,8,1,7
2032,113,Dallas County,93,93 yrs,1949,635,1314,1067,355,712,371,94,277,361,123,238,144,62,82,6,1,5
2032,113,Dallas County,94,94 yrs,1513,479,1034,825,263,562,279,66,213,288,99,189,116,50,66,5,1,4
2032,113,Dallas County,95,95+ yrs,4275,1211,3064,2212,608,1604,883,179,704,802,274,528,363,148,215,15,2,13
2033,113,Dallas County,-1,All Ages,3217341,1561936,1655405,743728,366944,376784,739336,344695,394641,1322094,649501,672593,328195,160822,167373,83988,39974,44014
2033,113,Dallas County,0,< 1 yr,47724,24347,23377,8006,4083,3923,9468,4832,4636,23696,12085,11611,4332,2213,2119,2222,1134,1088
2033,113,Dallas County,1,1 yr,47198,24032,23166,7880,4017,3863,9456,4808,4648,23496,11971,11525,4213,2141,2072,2153,1095,1058
2033,113,Dallas County,2,2 yrs,46932,23906,23026,7811,3982,3829,9535,4853,4682,23368,11899,11469,4114,2097,2017,2104,1075,1029
2033,113,Dallas County,3,3 yrs,46673,23735,22938,7761,3956,3805,9619,4881,4738,23218,11815,11403,4017,2035,1982,2058,1048,1010
2033,113,Dallas County,4,4 yrs,46412,23611,22801,7739,3945,3794,9703,4928,4775,23029,11713,11316,3926,1995,1931,2015,1030,985
2033,113,Dallas County,5,5 yrs,46150,23440,22710,7740,3945,3795,9776,4950,4826,22805,11591,11214,3851,1946,1905,1978,1008,970
2033,113,Dallas County,6,6 yrs,45846,23272,22574,7778,3961,3817,9838,4988,4850,22504,11414,11090,3784,1920,1864,1942,989,953
2033,113,Dallas County,7,7 yrs,45528,23052,22476,7831,3983,3848,9884,5002,4882,22173,11222,10951,3728,1879,1849,1912,966,946
2033,113,Dallas County,8,8 yrs,45190,22872,22318,7885,4007,3878,9920,5029,4891,21825,11024,10801,3676,1860,1816,1884,952,932
2033,113,Dallas County,9,9 yrs,44867,22652,22215,7949,4036,3913,9956,5037,4919,21469,10822,10647,3636,1827,1809,1857,930,927
2033,113,Dallas County,10,10 yrs,44572,22493,22079,8016,4065,3951,9988,5061,4927,21125,10627,10498,3610,1820,1790,1833,920,913
2033,113,Dallas County,11,11 yrs,44288,22333,21955,8091,4095,3996,9882,5001,4881,20900,10526,10374,3629,1820,1809,1786,891,895
2033,113,Dallas County,12,12 yrs,44017,22231,21786,8168,4128,4040,9768,4952,4816,20681,10430,10251,3654,1843,1811,1746,878,868
2033,113,Dallas County,13,13 yrs,43763,22086,21677,8237,4154,4083,9649,4884,4765,20488,10347,10141,3690,1852,1838,1699,849,850
2033,113,Dallas County,14,14 yrs,43474,21968,21506,8292,4173,4119,9521,4829,4692,20299,10265,10034,3708,1873,1835,1654,828,826
2033,113,Dallas County,15,15 yrs,43168,21799,21369,8344,4205,4139,9367,4740,4627,20110,10179,9931,3740,1878,1862,1607,797,810
2033,113,Dallas County,16,16 yrs,44027,22200,21827,8799,4419,4380,9363,4735,4628,20227,10210,10017,4054,2051,2003,1584,785,799
2033,113,Dallas County,17,17 yrs,44531,22351,22180,9131,4553,4578,9225,4645,4580,20304,10221,10083,4340,2183,2157,1531,749,782
2033,113,Dallas County,18,18 yrs,43196,21764,21432,8719,4397,4322,8669,4404,4265,19894,9999,9895,4430,2243,2187,1484,721,763
2033,113,Dallas County,19,19 yrs,40965,20592,20373,7904,3942,3962,8109,4128,3981,19073,9586,9487,4445,2248,2197,1434,688,746
2033,113,Dallas County,20,20 yrs,41861,20957,20904,8180,4072,4108,8116,4116,4000,19402,9682,9720,4742,2415,2327,1421,672,749
2033,113,Dallas County,21,21 yrs,42837,21276,21561,8547,4243,4304,8385,4203,4182,19405,9623,9782,5049,2525,2524,1451,682,769
2033,113,Dallas County,22,22 yrs,44250,21810,22440,9160,4528,4632,8718,4345,4373,19470,9565,9905,5417,2663,2754,1485,709,776
2033,113,Dallas County,23,23 yrs,45306,22257,23049,7886,3961,3925,9282,4608,4674,21168,10234,10934,5478,2755,2723,1492,699,793
2033,113,Dallas County,24,24 yrs,47621,23251,24370,8498,4214,4284,9939,4848,5091,21653,10594,11059,5966,2899,3067,1565,696,869
2033,113,Dallas County,25,25 yrs,50877,24896,25981,9390,4641,4749,10677,5304,5373,22552,11054,11498,6560,3114,3446,1698,783,915
2033,113,Dallas County,26,26 yrs,50607,24841,25766,9436,4829,4607,10996,5478,5518,22264,10840,11424,6408,3047,3361,1503,647,856
2033,113,Dallas County,27,27 yrs,49887,24276,25611,9221,4717,4504,11148,5415,5733,21547,10332,11215,6454,3132,3322,1517,680,837
2033,113,Dallas County,28,28 yrs,49001,23881,25120,9324,4806,4518,11048,5373,5675,20882,9968,10914,6397,3133,3264,1350,601,749
2033,113,Dallas County,29,29 yrs,48102,23471,24631,9152,4709,4443,11129,5328,5801,20018,9552,10466,6449,3280,3169,1354,602,752
2033,113,Dallas County,30,30 yrs,47260,22940,24320,8975,4694,4281,11164,5349,5815,19466,9228,10238,6352,3073,3279,1303,596,707
2033,113,Dallas County,31,31 yrs,47718,23248,24470,9121,4743,4378,11590,5598,5992,19820,9423,10397,5990,2929,3061,1197,555,642
2033,113,Dallas County,32,32 yrs,47700,23332,24368,9250,4902,4348,11564,5653,5911,19386,9147,10239,6294,3111,3183,1206,519,687
2033,113,Dallas County,33,33 yrs,46579,22514,24065,9174,4762,4412,12053,5754,6299,18432,8698,9734,5729,2735,2994,1191,565,626
2033,113,Dallas County,34,34 yrs,44650,21575,23075,9146,4783,4363,11753,5680,6073,17285,7962,9323,5262,2632,2630,1204,518,686
2033,113,Dallas County,35,35 yrs,43828,21282,22546,9091,4751,4340,12037,5911,6126,16449,7572,8877,5030,2502,2528,1221,546,675
2033,113,Dallas County,36,36 yrs,43702,20961,22741,9477,4920,4557,12214,5858,6356,15919,7358,8561,4962,2315,2647,1130,510,620
2033,113,Dallas County,37,37 yrs,43483,20916,22567,9370,4833,4537,12357,6075,6282,15646,7064,8582,4942,2386,2556,1168,558,610
2033,113,Dallas County,38,38 yrs,44213,21507,22706,9669,5050,4619,13147,6360,6787,15249,7077,8172,4938,2462,2476,1210,558,652
2033,113,Dallas County,39,39 yrs,43331,20808,22523,9411,4902,4509,13146,6311,6835,14796,6825,7971,4867,2258,2609,1111,512,599
2033,113,Dallas County,40,40 yrs,42596,20468,22128,9033,4701,4332,13753,6581,7172,14591,6739,7852,4123,1972,2151,1096,475,621
2033,113,Dallas County,41,41 yrs,41937,20279,21658,9261,4753,4508,13119,6365,6754,14289,6661,7628,4307,2055,2252,961,445,516
2033,113,Dallas County,42,42 yrs,42346,20493,21853,9471,4863,4608,12944,6144,6800,14527,6796,7731,4406,2214,2192,998,476,522
2033,113,Dallas County,43,43 yrs,41636,20240,21396,9601,4985,4616,12369,5755,6614,14227,6852,7375,4486,2209,2277,953,439,514
2033,113,Dallas County,44,44 yrs,40213,19441,20772,9353,4626,4727,11414,5303,6111,13976,6932,7044,4641,2226,2415,829,354,475
2033,113,Dallas County,45,45 yrs,40650,19917,20733,9988,4929,5059,10756,4927,5829,14469,7183,7286,4592,2518,2074,845,360,485
2033,113,Dallas County,46,46 yrs,40593,19506,21087,10424,5054,5370,10189,4653,5536,14658,7309,7349,4514,2179,2335,808,311,497
2033,113,Dallas County,47,47 yrs,41185,19677,21508,10848,5250,5598,10011,4416,5595,14755,7316,7439,4759,2315,2444,812,380,432
2033,113,Dallas County,48,48 yrs,39457,19188,20269,10402,5048,5354,9264,4169,5095,14666,7337,7329,4394,2320,2074,731,314,417
2033,113,Dallas County,49,49 yrs,39305,18881,20424,10075,5058,5017,8916,3986,4930,14743,7322,7421,4864,2186,2678,707,329,378
2033,113,Dallas County,50,50 yrs,40643,19524,21119,10198,5121,5077,9061,3996,5065,15663,7769,7894,4953,2298,2655,768,340,428
2033,113,Dallas County,51,51 yrs,39520,19229,20291,9780,4906,4874,8668,3847,4821,15671,7900,7771,4668,2235,2433,733,341,392
2033,113,Dallas County,52,52 yrs,39364,18954,20410,9546,4770,4776,8696,3807,4889,16124,8098,8026,4403,1991,2412,595,288,307
2033,113,Dallas County,53,53 yrs,39335,19161,20174,9045,4595,4450,8567,3717,4850,16606,8368,8238,4455,2152,2303,662,329,333
2033,113,Dallas County,54,54 yrs,36065,17661,18404,8258,4198,4060,7891,3464,4427,15394,7792,7602,3965,1924,2041,557,283,274
2033,113,Dallas County,55,55 yrs,35992,17535,18457,8113,4074,4039,7506,3221,4285,16085,8151,7934,3768,1852,1916,520,237,283
2033,113,Dallas County,56,56 yrs,35233,16932,18301,7913,4046,3867,7374,3141,4233,15817,7766,8051,3619,1730,1889,510,249,261
2033,113,Dallas County,57,57 yrs,35016,16655,18361,7693,3873,3820,7029,2939,4090,15900,7754,8146,3919,1843,2076,475,246,229
2033,113,Dallas County,58,58 yrs,35515,17229,18286,7891,4005,3886,7021,3012,4009,16373,8134,8239,3767,1847,1920,463,231,232
2033,113,Dallas County,59,59 yrs,33360,15891,17469,7495,3750,3745,6795,2844,3951,15142,7378,7764,3555,1733,1822,373,186,187
2033,113,Dallas County,60,60 yrs,33496,16188,17308,7734,3961,3773,6933,2955,3978,14977,7413,7564,3401,1632,1769,451,227,224
2033,113,Dallas County,61,61 yrs,33349,16057,17292,8057,4057,4000,7027,2997,4030,14559,7150,7409,3310,1658,1652,396,195,201
2033,113,Dallas County,62,62 yrs,33195,15860,17335,8622,4364,4258,7108,2956,4152,13811,6722,7089,3235,1628,1607,419,190,229
2033,113,Dallas County,63,63 yrs,32633,15679,16954,8517,4297,4220,6769,2811,3958,13904,6928,6976,3040,1445,1595,403,198,205
2033,113,Dallas County,64,64 yrs,29564,14499,15065,7852,3953,3899,6138,2653,3485,12365,6278,6087,2852,1447,1405,357,168,189
2033,113,Dallas County,65,65 yrs,28705,13867,14838,7551,3755,3796,6210,2615,3595,11938,5995,5943,2625,1324,1301,381,178,203
2033,113,Dallas County,66,66 yrs,27255,13125,14130,7443,3737,3706,5994,2506,3488,11217,5668,5549,2292,1065,1227,309,149,160
2033,113,Dallas County,67,67 yrs,26854,12905,13949,7454,3691,3763,6190,2562,3628,10713,5427,5286,2183,1076,1107,314,149,165
2033,113,Dallas County,68,68 yrs,27431,13245,14186,8209,4112,4097,6482,2683,3799,10274,5243,5031,2117,1049,1068,349,158,191
2033,113,Dallas County,69,69 yrs,26144,12541,13603,8446,4096,4350,6097,2506,3591,9242,4765,4477,2041,1017,1024,318,157,161
2033,113,Dallas County,70,70 yrs,25427,11899,13528,8740,4228,4512,5911,2381,3530,8573,4230,4343,1897,916,981,306,144,162
2033,113,Dallas County,71,71 yrs,24323,11311,13012,8851,4171,4680,5744,2364,3380,7804,3860,3944,1676,803,873,248,113,135
2033,113,Dallas County,72,72 yrs,23999,11176,12823,8755,4139,4616,5705,2321,3384,7573,3756,3817,1705,847,858,261,113,148
2033,113,Dallas County,73,73 yrs,23315,10780,12535,8758,4082,4676,5565,2285,3280,7078,3523,3555,1671,776,895,243,114,129
2033,113,Dallas County,74,74 yrs,21475,9693,11782,8413,3919,4494,5113,2035,3078,6243,2985,3258,1505,670,835,201,84,117
2033,113,Dallas County,75,75 yrs,20634,9253,11381,8375,3864,4511,4907,1966,2941,5637,2649,2988,1506,683,823,209,91,118
2033,113,Dallas County,76,76 yrs,19418,8555,10863,7992,3601,4391,4577,1773,2804,5207,2427,2780,1469,686,783,173,68,105
2033,113,Dallas County,77,77 yrs,18065,7966,10099,7692,3521,4171,4145,1604,2541,4764,2195,2569,1309,583,726,155,63,92
2033,113,Dallas County,78,78 yrs,16785,7341,9444,7421,3329,4092,3778,1444,2334,4255,1957,2298,1200,565,635,131,46,85
2033,113,Dallas County,79,79 yrs,14783,6246,8537,6743,2895,3848,3220,1207,2013,3606,1603,2003,1103,501,602,111,40,71
2033,113,Dallas County,80,80 yrs,13909,5864,8045,6464,2807,3657,2980,1097,1883,3245,1426,1819,1115,501,614,105,33,72
2033,113,Dallas County,81,81 yrs,12546,5131,7415,5911,2495,3416,2782,967,1815,2870,1222,1648,896,416,480,87,31,56
2033,113,Dallas County,82,82 yrs,11643,4769,6874,5345,2269,3076,2647,907,1740,2670,1165,1505,911,404,507,70,24,46
2033,113,Dallas County,83,83 yrs,10570,4247,6323,5030,2082,2948,2328,799,1529,2306,967,1339,844,381,463,62,18,44
2033,113,Dallas County,84,84 yrs,9625,3847,5778,4687,1922,2765,2141,728,1413,2052,871,1181,694,313,381,51,13,38
2033,113,Dallas County,85,85 yrs,8993,3480,5513,4668,1872,2796,1923,642,1281,1788,701,1087,572,252,320,42,13,29
2033,113,Dallas County,86,86 yrs,8041,3091,4950,4402,1770,2632,1552,497,1055,1555,596,959,491,218,273,41,10,31
2033,113,Dallas County,87,87 yrs,5919,2226,3693,2963,1149,1814,1231,388,843,1295,505,790,405,176,229,25,8,17
2033,113,Dallas County,88,88 yrs,5455,2002,3453,2790,1043,1747,1159,342,817,1080,431,649,396,179,217,30,7,23
2033,113,Dallas County,89,89 yrs,4709,1732,2977,2487,959,1528,917,277,640,954,349,605,327,141,186,24,6,18
2033,113,Dallas County,90,90 yrs,4024,1421,2603,2178,787,1391,796,229,567,738,268,470,298,133,165,14,4,10
2033,113,Dallas County,91,91 yrs,3105,1051,2054,1672,582,1090,626,168,458,578,212,366,218,86,132,11,3,8
2033,113,Dallas County,92,92 yrs,2600,861,1739,1382,472,910,516,126,390,504,183,321,190,79,111,8,1,7
2033,113,Dallas County,93,93 yrs,2047,658,1389,1081,352,729,403,102,301,399,138,261,157,65,92,7,1,6
2033,113,Dallas County,94,94 yrs,1579,498,1081,855,273,582,299,72,227,297,99,198,123,53,70,5,1,4
2033,113,Dallas County,95,95+ yrs,4431,1276,3155,2241,627,1614,921,189,732,854,293,561,400,165,235,15,2,13
2034,113,Dallas County,-1,All Ages,3254525,1578727,1675798,740826,365523,375303,747111,348546,398565,1338351,656163,682188,341739,167351,174388,86498,41144,45354
2034,113,Dallas County,0,< 1 yr,48105,24520,23585,8037,4099,3938,9484,4833,4651,23764,12119,11645,4529,2304,2225,2291,1165,1126
2034,113,Dallas County,1,1 yr,47563,24240,23323,7892,4023,3869,9465,4821,4644,23576,12013,11563,4410,2250,2160,2220,1133,1087
2034,113,Dallas County,2,2 yrs,47281,24060,23221,7805,3979,3826,9541,4846,4695,23471,11951,11520,4299,2182,2117,2165,1102,1063
2034,113,Dallas County,3,3 yrs,47009,23930,23079,7737,3944,3793,9618,4890,4728,23341,11878,11463,4197,2136,2061,2116,1082,1034
2034,113,Dallas County,4,4 yrs,46747,23759,22988,7686,3918,3768,9704,4919,4785,23191,11794,11397,4097,2073,2024,2069,1055,1014
2034,113,Dallas County,5,5 yrs,46485,23632,22853,7664,3906,3758,9787,4965,4822,23002,11692,11310,4005,2032,1973,2027,1037,990
2034,113,Dallas County,6,6 yrs,46211,23434,22777,7691,3915,3776,9848,4985,4863,22748,11538,11210,3933,1985,1948,1991,1011,980
2034,113,Dallas County,7,7 yrs,45906,23268,22638,7728,3931,3797,9910,5024,4886,22449,11363,11086,3864,1958,1906,1955,992,963
2034,113,Dallas County,8,8 yrs,45587,23046,22541,7781,3953,3828,9956,5037,4919,22117,11170,10947,3807,1917,1890,1926,969,957
2034,113,Dallas County,9,9 yrs,45250,22867,22383,7835,3977,3858,9993,5065,4928,21770,10973,10797,3754,1897,1857,1898,955,943
2034,113,Dallas County,10,10 yrs,44927,22648,22279,7899,4006,3893,10027,5072,4955,21415,10772,10643,3714,1864,1850,1872,934,938
2034,113,Dallas County,11,11 yrs,44641,22536,22105,7973,4036,3937,9929,5032,4897,21181,10670,10511,3733,1883,1850,1825,915,910
2034,113,Dallas County,12,12 yrs,44354,22373,21981,8048,4066,3982,9823,4972,4851,20953,10567,10386,3752,1882,1870,1778,886,892
2034,113,Dallas County,13,13 yrs,44077,22268,21809,8122,4097,4025,9708,4922,4786,20732,10470,10262,3777,1906,1871,1738,873,865
2034,113,Dallas County,14,14 yrs,43820,22120,21700,8190,4123,4067,9588,4854,4734,20538,10385,10153,3813,1914,1899,1691,844,847
2034,113,Dallas County,15,15 yrs,43498,21990,21508,8251,4157,4094,9446,4788,4658,20327,10289,10038,3829,1934,1895,1645,822,823
2034,113,Dallas County,16,16 yrs,44376,22357,22019,8726,4382,4344,9447,4773,4674,20419,10308,10111,4159,2093,2066,1625,801,824
2034,113,Dallas County,17,17 yrs,44880,22553,22327,9076,4526,4550,9318,4697,4621,20456,10298,10158,4458,2258,2200,1572,774,798
2034,113,Dallas County,18,18 yrs,43598,21938,21660,8688,4383,4305,8776,4451,4325,20032,10063,9969,4572,2302,2270,1530,739,791
2034,113,Dallas County,19,19 yrs,41444,20850,20594,7902,3941,3961,8251,4203,4048,19205,9654,9551,4603,2337,2266,1483,715,768
2034,113,Dallas County,20,20 yrs,42383,21202,21181,8191,4078,4113,8274,4191,4083,19511,9739,9772,4933,2501,2432,1474,693,781
2034,113,Dallas County,21,21 yrs,43418,21587,21831,8572,4255,4317,8571,4304,4267,19505,9671,9834,5267,2647,2620,1503,710,793
2034,113,Dallas County,22,22 yrs,44850,22091,22759,9184,4541,4643,8913,4436,4477,19549,9604,9945,5657,2778,2879,1547,732,815
2034,113,Dallas County,23,23 yrs,46749,22899,23850,10188,5016,5172,9210,4561,4649,19636,9588,10048,6135,2989,3146,1580,745,835
2034,113,Dallas County,24,24 yrs,47343,23183,24160,8533,4305,4228,9749,4813,4936,21400,10294,11106,6067,3028,3039,1594,743,851
2034,113,Dallas County,25,25 yrs,49654,24092,25562,9156,4542,4614,10481,5076,5405,21766,10593,11173,6596,3152,3444,1655,729,926
2034,113,Dallas County,26,26 yrs,51399,25161,26238,9474,4711,4763,10969,5448,5521,22383,10918,11465,6840,3291,3549,1733,793,940
2034,113,Dallas County,27,27 yrs,50886,24926,25960,9378,4832,4546,11274,5596,5678,22037,10667,11370,6669,3176,3493,1528,655,873
2034,113,Dallas County,28,28 yrs,50291,24494,25797,9269,4783,4486,11401,5549,5852,21342,10183,11159,6740,3293,3447,1539,686,853
2034,113,Dallas County,29,29 yrs,49166,23884,25282,9203,4748,4455,11309,5479,5830,20633,9787,10846,6657,3270,3387,1364,600,764
2034,113,Dallas County,30,30 yrs,48320,23540,24780,9121,4719,4402,11370,5428,5942,19799,9399,10400,6648,3380,3268,1382,614,768
2034,113,Dallas County,31,31 yrs,47326,22955,24371,8871,4637,4234,11344,5439,5905,19284,9104,10180,6522,3178,3344,1305,597,708
2034,113,Dallas County,32,32 yrs,47581,23141,24440,8981,4674,4307,11724,5678,6046,19601,9271,10330,6086,2967,3119,1189,551,638
2034,113,Dallas County,33,33 yrs,47581,23235,24346,9107,4831,4276,11711,5730,5981,19147,8981,10166,6407,3172,3235,1209,521,688
2034,113,Dallas County,34,34 yrs,46383,22385,23998,9017,4677,4340,12186,5834,6352,18181,8538,9643,5811,2770,3041,1188,566,622
2034,113,Dallas County,35,35 yrs,44470,21447,23023,8980,4695,4285,11885,5752,6133,17077,7826,9251,5330,2660,2670,1198,514,684
2034,113,Dallas County,36,36 yrs,43676,21159,22517,8970,4682,4288,12078,5925,6153,16310,7479,8831,5095,2524,2571,1223,549,674
2034,113,Dallas County,37,37 yrs,43564,20836,22728,9356,4852,4504,12258,5873,6385,15793,7267,8526,5028,2335,2693,1129,509,620
2034,113,Dallas County,38,38 yrs,43322,20780,22542,9246,4764,4482,12391,6081,6310,15511,6970,8541,5009,2407,2602,1165,558,607
2034,113,Dallas County,39,39 yrs,44049,21384,22665,9544,4982,4562,13177,6365,6812,15116,6993,8123,5004,2484,2520,1208,560,648
2034,113,Dallas County,40,40 yrs,43198,20699,22499,9280,4832,4448,13204,6336,6868,14677,6742,7935,4930,2277,2653,1107,512,595
2034,113,Dallas County,41,41 yrs,42579,20417,22162,8974,4662,4312,13738,6563,7175,14583,6721,7862,4192,2001,2191,1092,470,622
2034,113,Dallas County,42,42 yrs,41913,20231,21682,9195,4709,4486,13091,6345,6746,14284,6646,7638,4382,2087,2295,961,444,517
2034,113,Dallas County,43,43 yrs,42317,20443,21874,9412,4824,4588,12919,6130,6789,14512,6773,7739,4482,2247,2235,992,469,523
2034,113,Dallas County,44,44 yrs,41598,20182,21416,9534,4943,4591,12333,5730,6603,14222,6834,7388,4562,2241,2321,947,434,513
2034,113,Dallas County,45,45 yrs,40191,19410,20781,9279,4588,4691,11394,5294,6100,13967,6914,7053,4725,2263,2462,826,351,475
2034,113,Dallas County,46,46 yrs,40692,19909,20783,9947,4905,5042,10721,4906,5815,14504,7186,7318,4678,2554,2124,842,358,484
2034,113,Dallas County,47,47 yrs,40648,19506,21142,10380,5029,5351,10180,4654,5526,14688,7306,7382,4602,2211,2391,798,306,492
2034,113,Dallas County,48,48 yrs,41230,19675,21555,10802,5225,5577,9976,4402,5574,14789,7320,7469,4854,2350,2504,809,378,431
2034,113,Dallas County,49,49 yrs,39454,19159,20295,10347,5016,5331,9213,4145,5068,14691,7333,7358,4479,2355,2124,724,310,414
2034,113,Dallas County,50,50 yrs,39331,18874,20457,10014,5026,4988,8877,3974,4903,14779,7328,7451,4960,2219,2741,701,327,374
2034,113,Dallas County,51,51 yrs,40565,19479,21086,10103,5074,5029,9001,3964,5037,15667,7764,7903,5035,2336,2699,759,341,418
2034,113,Dallas County,52,52 yrs,39415,19163,20252,9682,4856,4826,8607,3815,4792,15659,7881,7778,4743,2270,2473,724,341,383
2034,113,Dallas County,53,53 yrs,39239,18871,20368,9446,4720,4726,8623,3765,4858,16113,8078,8035,4472,2022,2450,585,286,299
2034,113,Dallas County,54,54 yrs,39209,19082,20127,8949,4545,4404,8493,3678,4815,16586,8344,8242,4525,2185,2340,656,330,326
2034,113,Dallas County,55,55 yrs,36042,17620,18422,8204,4155,4049,7843,3434,4409,15411,7792,7619,4029,1954,2075,555,285,270
2034,113,Dallas County,56,56 yrs,35845,17426,18419,8011,4020,3991,7435,3182,4253,16067,8121,7946,3823,1872,1951,509,231,278
2034,113,Dallas County,57,57 yrs,35070,16812,18258,7807,3990,3817,7293,3096,4197,15797,7735,8062,3672,1747,1925,501,244,257
2034,113,Dallas County,58,58 yrs,34848,16533,18315,7586,3815,3771,6946,2893,4053,15874,7723,8151,3976,1861,2115,466,241,225
2034,113,Dallas County,59,59 yrs,35318,17091,18227,7779,3944,3835,6932,2963,3969,16333,8094,8239,3821,1865,1956,453,225,228
2034,113,Dallas County,60,60 yrs,33172,15766,17406,7388,3694,3694,6707,2797,3910,15106,7344,7762,3607,1750,1857,364,181,183
2034,113,Dallas County,61,61 yrs,33067,15947,17120,7544,3856,3688,6797,2879,3918,14833,7330,7503,3448,1660,1788,445,222,223
2034,113,Dallas County,62,62 yrs,32890,15803,17087,7854,3947,3907,6881,2917,3964,14409,7061,7348,3355,1687,1668,391,191,200
2034,113,Dallas County,63,63 yrs,32704,15590,17114,8398,4241,4157,6952,2872,4080,13666,6639,7027,3276,1654,1622,412,184,228
2034,113,Dallas County,64,64 yrs,32119,15395,16724,8289,4172,4117,6614,2729,3885,13736,6831,6905,3082,1469,1613,398,194,204
2034,113,Dallas County,65,65 yrs,29098,14246,14852,7634,3834,3800,5997,2578,3419,12222,6196,6026,2893,1473,1420,352,165,187
2034,113,Dallas County,66,66 yrs,28145,13553,14592,7356,3644,3712,6088,2553,3535,11746,5876,5870,2589,1308,1281,366,172,194
2034,113,Dallas County,67,67 yrs,26682,12802,13880,7242,3623,3619,5868,2444,3424,11020,5543,5477,2256,1049,1207,296,143,153
2034,113,Dallas County,68,68 yrs,26257,12571,13686,7244,3573,3671,6057,2496,3561,10516,5303,5213,2140,1056,1084,300,143,157
2034,113,Dallas County,69,69 yrs,26770,12867,13903,7968,3974,3994,6331,2606,3725,10066,5109,4957,2072,1027,1045,333,151,182
2034,113,Dallas County,70,70 yrs,25484,12171,13313,8189,3952,4237,5949,2435,3514,9047,4640,4407,1997,995,1002,302,149,153
2034,113,Dallas County,71,71 yrs,24857,11562,13295,8519,4098,4421,5769,2307,3462,8405,4120,4285,1876,904,972,288,133,155
2034,113,Dallas County,72,72 yrs,23735,10962,12773,8611,4034,4577,5593,2281,3312,7645,3755,3890,1653,788,865,233,104,129
2034,113,Dallas County,73,73 yrs,23368,10806,12562,8508,3998,4510,5539,2234,3305,7400,3642,3758,1676,828,848,245,104,141
2034,113,Dallas County,74,74 yrs,22667,10397,12270,8491,3930,4561,5401,2197,3204,6906,3409,3497,1643,757,886,226,104,122
2034,113,Dallas County,75,75 yrs,20820,9322,11498,8140,3765,4375,4948,1949,2999,6070,2879,3191,1475,652,823,187,77,110
2034,113,Dallas County,76,76 yrs,19936,8881,11055,8077,3706,4371,4700,1863,2837,5486,2556,2930,1483,676,807,190,80,110
2034,113,Dallas County,77,77 yrs,18699,8180,10519,7685,3442,4243,4369,1671,2698,5049,2334,2715,1440,674,766,156,59,97
2034,113,Dallas County,78,78 yrs,17341,7583,9758,7370,3350,4020,3952,1509,2443,4606,2100,2506,1273,569,704,140,55,85
2034,113,Dallas County,79,79 yrs,16042,6959,9083,7082,3155,3927,3583,1356,2227,4094,1862,2232,1166,547,619,117,39,78
2034,113,Dallas County,80,80 yrs,14070,5891,8179,6409,2728,3681,3042,1125,1917,3451,1517,1934,1068,486,582,100,35,65
2034,113,Dallas County,81,81 yrs,13286,5547,7739,6157,2649,3508,2836,1025,1811,3125,1364,1761,1075,481,594,93,28,65
2034,113,Dallas County,82,82 yrs,11909,4817,7092,5594,2337,3257,2635,898,1737,2749,1161,1588,855,395,460,76,26,50
2034,113,Dallas County,83,83 yrs,10995,4451,6544,5030,2113,2917,2495,838,1657,2542,1099,1443,867,381,486,61,20,41
2034,113,Dallas County,84,84 yrs,9922,3933,5989,4703,1924,2779,2183,732,1451,2181,903,1278,801,359,442,54,15,39
2034,113,Dallas County,85,85 yrs,8963,3532,5431,4352,1761,2591,1990,660,1330,1923,808,1115,654,292,362,44,11,33
2034,113,Dallas County,86,86 yrs,8307,3170,5137,4294,1697,2597,1767,578,1189,1662,644,1018,546,240,306,38,11,27
2034,113,Dallas County,87,87 yrs,7364,2789,4575,4006,1585,2421,1425,448,977,1430,541,889,466,206,260,37,9,28
2034,113,Dallas County,88,88 yrs,5351,1980,3371,2665,1015,1650,1108,340,768,1177,454,723,379,164,215,22,7,15
2034,113,Dallas County,89,89 yrs,4883,1764,3119,2475,908,1567,1042,302,740,972,383,589,368,165,203,26,6,20
2034,113,Dallas County,90,90 yrs,4152,1493,2659,2176,821,1355,809,234,575,846,305,541,300,128,172,21,5,16
2034,113,Dallas County,91,91 yrs,3492,1204,2288,1869,659,1210,696,190,506,642,231,411,274,121,153,11,3,8
2034,113,Dallas County,92,92 yrs,2644,874,1770,1410,478,932,534,139,395,496,179,317,195,76,119,9,2,7
2034,113,Dallas County,93,93 yrs,2187,706,1481,1140,377,763,449,108,341,423,151,272,168,69,99,7,1,6
2034,113,Dallas County,94,94 yrs,1664,518,1146,868,271,597,326,78,248,330,112,218,135,56,79,5,1,4
2034,113,Dallas County,95,95+ yrs,4611,1343,3268,2286,648,1638,966,202,764,903,308,595,440,183,257,16,2,14
2035,113,Dallas County,-1,All Ages,3291862,1595636,1696226,738140,364223,373917,754653,352313,402340,1354170,662595,691575,355815,174148,181667,89084,42357,46727
2035,113,Dallas County,0,< 1 yr,48498,24742,23756,8081,4121,3960,9507,4852,4655,23814,12144,11670,4731,2417,2314,2365,1208,1157
2035,113,Dallas County,1,1 yr,47948,24415,23533,7921,4038,3883,9482,4823,4659,23644,12046,11598,4612,2344,2268,2289,1164,1125
2035,113,Dallas County,2,2 yrs,47645,24267,23378,7815,3984,3831,9548,4858,4690,23549,11992,11557,4501,2293,2208,2232,1140,1092
2035,113,Dallas County,3,3 yrs,47354,24083,23271,7729,3940,3789,9622,4882,4740,23442,11929,11513,4385,2223,2162,2176,1109,1067
2035,113,Dallas County,4,4 yrs,47076,23949,23127,7662,3906,3756,9699,4926,4773,23309,11854,11455,4278,2174,2104,2128,1089,1039
2035,113,Dallas County,5,5 yrs,46815,23778,23037,7610,3879,3731,9786,4955,4831,23161,11771,11390,4177,2111,2066,2081,1062,1019
2035,113,Dallas County,6,6 yrs,46540,23623,22917,7614,3876,3738,9856,4999,4857,22941,11637,11304,4087,2070,2017,2042,1041,1001
2035,113,Dallas County,7,7 yrs,46268,23429,22839,7641,3886,3755,9918,5020,4898,22687,11484,11203,4015,2024,1991,2007,1015,992
2035,113,Dallas County,8,8 yrs,45962,23260,22702,7678,3901,3777,9982,5059,4923,22387,11308,11079,3945,1996,1949,1970,996,974
2035,113,Dallas County,9,9 yrs,45641,23038,22603,7731,3923,3808,10027,5072,4955,22057,11117,10940,3887,1954,1933,1939,972,967
2035,113,Dallas County,10,10 yrs,45303,22858,22445,7784,3947,3837,10064,5100,4964,21711,10920,10791,3832,1933,1899,1912,958,954
2035,113,Dallas County,11,11 yrs,44989,22687,22302,7854,3975,3879,9966,5042,4924,21466,10813,10653,3839,1928,1911,1864,929,935
2035,113,Dallas County,12,12 yrs,44699,22571,22128,7926,4005,3921,9866,5000,4866,21232,10710,10522,3859,1947,1912,1816,909,907
2035,113,Dallas County,13,13 yrs,44414,22412,22002,8001,4035,3966,9761,4942,4819,21002,10606,10396,3879,1947,1932,1771,882,889
2035,113,Dallas County,14,14 yrs,44130,22303,21827,8072,4065,4007,9644,4891,4753,20780,10508,10272,3904,1971,1933,1730,868,862
2035,113,Dallas County,15,15 yrs,43839,22142,21697,8148,4106,4042,9509,4812,4697,20564,10408,10156,3937,1977,1960,1681,839,842
2035,113,Dallas County,16,16 yrs,44710,22550,22160,8628,4331,4297,9525,4820,4705,20635,10417,10218,4258,2155,2103,1664,827,837
2035,113,Dallas County,17,17 yrs,45241,22716,22525,9000,4488,4512,9402,4734,4668,20650,10397,10253,4576,2307,2269,1613,790,823
2035,113,Dallas County,18,18 yrs,43982,22155,21827,8640,4359,4281,8876,4505,4371,20190,10143,10047,4704,2384,2320,1572,764,808
2035,113,Dallas County,19,19 yrs,41883,21045,20838,7878,3931,3947,8363,4254,4109,19352,9722,9630,4759,2404,2355,1531,734,797
2035,113,Dallas County,20,20 yrs,42878,21469,21409,8190,4077,4113,8415,4265,4150,19639,9806,9833,5110,2600,2510,1524,721,803
2035,113,Dallas County,21,21 yrs,43964,21843,22121,8583,4261,4322,8736,4381,4355,19609,9726,9883,5477,2742,2735,1559,733,826
2035,113,Dallas County,22,22 yrs,45457,22415,23042,9209,4553,4656,9106,4541,4565,19642,9649,9993,5897,2910,2987,1603,762,841
2035,113,Dallas County,23,23 yrs,47379,23191,24188,10211,5029,5182,9413,4654,4759,19708,9623,10085,6402,3116,3286,1645,769,876
2035,113,Dallas County,24,24 yrs,49030,23933,25097,11022,5451,5571,9662,4759,4903,19857,9646,10211,6802,3286,3516,1687,791,896
2035,113,Dallas County,25,25 yrs,49378,24042,25336,9193,4639,4554,10282,5039,5243,21511,10292,11219,6708,3294,3414,1684,778,906
2035,113,Dallas County,26,26 yrs,50178,24354,25824,9238,4611,4627,10770,5215,5555,21600,10461,11139,6881,3330,3551,1689,737,952
2035,113,Dallas County,27,27 yrs,51678,25248,26430,9412,4711,4701,11244,5564,5680,22150,10741,11409,7111,3430,3681,1761,802,959
2035,113,Dallas County,28,28 yrs,51281,25138,26143,9424,4898,4526,11529,5733,5796,21819,10510,11309,6960,3337,3623,1549,660,889
2035,113,Dallas County,29,29 yrs,50471,24503,25968,9150,4726,4424,11667,5658,6009,21085,9997,11088,7012,3436,3576,1557,686,871
2035,113,Dallas County,30,30 yrs,49381,23947,25434,9173,4759,4414,11554,5581,5973,20403,9627,10776,6859,3368,3491,1392,612,780
2035,113,Dallas County,31,31 yrs,48382,23557,24825,9016,4662,4354,11549,5518,6031,19612,9271,10341,6821,3491,3330,1384,615,769
2035,113,Dallas County,32,32 yrs,47194,22851,24343,8732,4569,4163,11476,5516,5960,19067,8955,10112,6623,3219,3404,1296,592,704
2035,113,Dallas County,33,33 yrs,47455,23043,24412,8843,4608,4235,11870,5756,6114,19358,9103,10255,6192,3023,3169,1192,553,639
2035,113,Dallas County,34,34 yrs,47375,23101,24274,8950,4745,4205,11839,5807,6032,18887,8816,10071,6495,3212,3283,1204,521,683
2035,113,Dallas County,35,35 yrs,46197,22248,23949,8850,4588,4262,12320,5906,6414,17958,8393,9565,5888,2800,3088,1181,561,620
2035,113,Dallas County,36,36 yrs,44308,21319,22989,8859,4626,4233,11922,5764,6158,16929,7728,9201,5400,2685,2715,1198,516,682
2035,113,Dallas County,37,37 yrs,43536,21036,22500,8854,4617,4237,12120,5939,6181,16179,7386,8793,5162,2546,2616,1221,548,673
2035,113,Dallas County,38,38 yrs,43390,20691,22699,9230,4781,4449,12288,5877,6411,15651,7169,8482,5095,2355,2740,1126,509,617
2035,113,Dallas County,39,39 yrs,43153,20655,22498,9126,4700,4426,12415,6085,6330,15374,6884,8490,5074,2426,2648,1164,560,604
2035,113,Dallas County,40,40 yrs,43908,21272,22636,9413,4912,4501,13231,6387,6844,14992,6907,8085,5070,2506,2564,1202,560,642
2035,113,Dallas County,41,41 yrs,43190,20654,22536,9221,4794,4427,13185,6318,6867,14668,6724,7944,5013,2311,2702,1103,507,596
2035,113,Dallas County,42,42 yrs,42538,20359,22179,8907,4618,4289,13704,6540,7164,14576,6705,7871,4261,2029,2232,1090,467,623
2035,113,Dallas County,43,43 yrs,41871,20172,21699,9132,4668,4464,13062,6328,6734,14267,6622,7645,4455,2117,2338,955,437,518
2035,113,Dallas County,44,44 yrs,42274,20385,21889,9345,4783,4562,12882,6105,6777,14506,6755,7751,4557,2279,2278,984,463,521
2035,113,Dallas County,45,45 yrs,41565,20144,21421,9458,4902,4556,12309,5719,6590,14212,6815,7397,4644,2279,2365,942,429,513
2035,113,Dallas County,46,46 yrs,40235,19400,20835,9241,4565,4676,11352,5271,6081,14001,6917,7084,4819,2298,2521,822,349,473
2035,113,Dallas County,47,47 yrs,40751,19916,20835,9905,4881,5024,10712,4906,5806,14535,7184,7351,4767,2592,2175,832,353,479
2035,113,Dallas County,48,48 yrs,40690,19503,21187,10336,5005,5331,10142,4639,5503,14723,7311,7412,4695,2245,2450,794,303,491
2035,113,Dallas County,49,49 yrs,41241,19646,21595,10748,5193,5555,9928,4379,5549,14815,7317,7498,4949,2384,2565,801,373,428
2035,113,Dallas County,50,50 yrs,39461,19151,20310,10282,4983,5299,9169,4130,5039,14727,7340,7387,4565,2390,2175,718,308,410
2035,113,Dallas County,51,51 yrs,39261,18833,20428,9922,4981,4941,8817,3941,4876,14785,7325,7460,5043,2257,2786,694,329,365
2035,113,Dallas County,52,52 yrs,40460,19413,21047,10003,5023,4980,8936,3930,5006,15656,7746,7910,5115,2372,2743,750,342,408
2035,113,Dallas County,53,53 yrs,39297,19088,20209,9581,4806,4775,8534,3773,4761,15649,7863,7786,4820,2307,2513,713,339,374
2035,113,Dallas County,54,54 yrs,39112,18789,20323,9346,4668,4678,8550,3727,4823,16094,8054,8040,4543,2054,2489,579,286,293
2035,113,Dallas County,55,55 yrs,39180,19034,20146,8889,4499,4390,8438,3643,4795,16601,8341,8260,4600,2219,2381,652,332,320
2035,113,Dallas County,56,56 yrs,35894,17509,18385,8101,4101,4000,7769,3393,4376,15395,7764,7631,4087,1974,2113,542,277,265
2035,113,Dallas County,57,57 yrs,35682,17307,18375,7906,3965,3941,7351,3135,4216,16045,8089,7956,3881,1892,1989,499,226,273
2035,113,Dallas County,58,58 yrs,34894,16688,18206,7700,3933,3767,7208,3048,4160,15771,7705,8066,3725,1764,1961,490,238,252
2035,113,Dallas County,59,59 yrs,34663,16400,18263,7478,3757,3721,6860,2845,4015,15838,7686,8152,4031,1877,2154,456,235,221
2035,113,Dallas County,60,60 yrs,35122,16960,18162,7668,3886,3782,6842,2915,3927,16291,8055,8236,3877,1884,1993,444,220,224
2035,113,Dallas County,61,61 yrs,32759,15538,17221,7208,3596,3612,6574,2724,3850,14963,7263,7700,3656,1779,1877,358,176,182
2035,113,Dallas County,62,62 yrs,32624,15698,16926,7355,3752,3603,6656,2802,3854,14678,7238,7440,3496,1689,1807,439,217,222
2035,113,Dallas County,63,63 yrs,32425,15546,16879,7652,3837,3815,6731,2835,3896,14258,6973,7285,3399,1715,1684,385,186,199
2035,113,Dallas County,64,64 yrs,32195,15314,16881,8173,4117,4056,6791,2789,4002,13503,6546,6957,3321,1682,1639,407,180,227
2035,113,Dallas County,65,65 yrs,31610,15121,16489,8058,4046,4012,6461,2650,3811,13575,6741,6834,3124,1494,1630,392,190,202
2035,113,Dallas County,66,66 yrs,28530,13927,14603,7436,3721,3715,5877,2517,3360,12023,6073,5950,2856,1457,1399,338,159,179
2035,113,Dallas County,67,67 yrs,27560,13225,14335,7158,3533,3625,5960,2491,3469,11542,5746,5796,2549,1290,1259,351,165,186
2035,113,Dallas County,68,68 yrs,26093,12472,13621,7037,3507,3530,5741,2381,3360,10819,5416,5403,2212,1030,1182,284,138,146
2035,113,Dallas County,69,69 yrs,25631,12214,13417,7033,3454,3579,5915,2424,3491,10304,5167,5137,2094,1033,1061,285,136,149
2035,113,Dallas County,70,70 yrs,26105,12495,13610,7726,3835,3891,6178,2533,3645,9856,4977,4879,2028,1006,1022,317,144,173
2035,113,Dallas County,71,71 yrs,24918,11834,13084,7983,3832,4151,5806,2360,3446,8867,4520,4347,1978,984,994,284,138,146
2035,113,Dallas County,72,72 yrs,24261,11208,13053,8289,3964,4325,5617,2227,3390,8234,4008,4226,1851,887,964,270,122,148
2035,113,Dallas County,73,73 yrs,23110,10597,12513,8370,3897,4473,5426,2194,3232,7468,3639,3829,1627,771,856,219,96,123
2035,113,Dallas County,74,74 yrs,22715,10421,12294,8248,3848,4400,5373,2147,3226,7219,3524,3695,1646,807,839,229,95,134
2035,113,Dallas County,75,75 yrs,21974,9999,11975,8216,3776,4440,5225,2104,3121,6714,3289,3425,1610,736,874,209,94,115
2035,113,Dallas County,76,76 yrs,20122,8950,11172,7852,3611,4241,4741,1848,2893,5906,2778,3128,1453,645,808,170,68,102
2035,113,Dallas County,77,77 yrs,19196,8491,10705,7765,3542,4223,4486,1756,2730,5319,2458,2861,1454,665,789,172,70,102
2035,113,Dallas County,78,78 yrs,17951,7790,10161,7363,3274,4089,4166,1573,2593,4880,2233,2647,1401,659,742,141,51,90
2035,113,Dallas County,79,79 yrs,16576,7189,9387,7037,3177,3860,3746,1416,2330,4431,1998,2433,1237,551,686,125,47,78
2035,113,Dallas County,80,80 yrs,15262,6562,8700,6730,2974,3756,3381,1262,2119,3916,1761,2155,1129,531,598,106,34,72
2035,113,Dallas County,81,81 yrs,13446,5575,7871,6109,2576,3533,2894,1051,1843,3324,1451,1873,1030,467,563,89,30,59
2035,113,Dallas County,82,82 yrs,12615,5212,7403,5829,2483,3346,2685,953,1732,2994,1296,1698,1025,456,569,82,24,58
2035,113,Dallas County,83,83 yrs,11250,4496,6754,5267,2176,3091,2483,829,1654,2617,1095,1522,815,373,442,68,23,45
2035,113,Dallas County,84,84 yrs,10327,4124,6203,4706,1954,2752,2343,769,1574,2402,1025,1377,823,359,464,53,17,36
2035,113,Dallas County,85,85 yrs,9246,3612,5634,4367,1763,2604,2033,665,1368,2045,837,1208,755,335,420,46,12,34
2035,113,Dallas County,86,86 yrs,8290,3226,5064,4004,1598,2406,1832,596,1236,1788,743,1045,625,279,346,41,10,31
2035,113,Dallas County,87,87 yrs,7617,2864,4753,3911,1521,2390,1622,521,1101,1530,585,945,519,227,292,35,10,25
2035,113,Dallas County,88,88 yrs,6658,2481,4177,3603,1400,2203,1286,393,893,1301,488,813,435,192,243,33,8,25
2035,113,Dallas County,89,89 yrs,4795,1745,3050,2366,885,1481,997,300,697,1060,403,657,353,151,202,19,6,13
2035,113,Dallas County,90,90 yrs,4314,1527,2787,2170,779,1391,922,257,665,861,335,526,339,151,188,22,5,17
2035,113,Dallas County,91,91 yrs,3605,1267,2338,1869,689,1180,708,195,513,735,262,473,276,117,159,17,4,13
2035,113,Dallas County,92,92 yrs,2979,1004,1975,1578,542,1036,594,157,437,551,195,356,247,108,139,9,2,7
2035,113,Dallas County,93,93 yrs,2223,716,1507,1164,382,782,465,119,346,415,147,268,172,66,106,7,2,5
2035,113,Dallas County,94,94 yrs,1779,556,1223,915,290,625,365,83,282,349,122,227,145,60,85,5,1,4
2035,113,Dallas County,95,95+ yrs,4810,1410,3400,2333,662,1671,1012,216,796,965,329,636,484,201,283,16,2,14
2036,113,Dallas County,-1,All Ages,3329444,1612618,1716826,735710,363064,372646,762001,355988,406013,1369546,668800,700746,370424,181167,189257,91763,43599,48164
2036,113,Dallas County,0,< 1 yr,48907,24929,23978,8138,4150,3988,9532,4857,4675,23855,12166,11689,4940,2515,2425,2442,1241,1201
2036,113,Dallas County,1,1 yr,48332,24633,23699,7964,4060,3904,9501,4840,4661,23689,12069,11620,4815,2457,2358,2363,1207,1156
2036,113,Dallas County,2,2 yrs,48026,24440,23586,7845,3999,3846,9562,4858,4704,23612,12023,11589,4706,2389,2317,2301,1171,1130
2036,113,Dallas County,3,3 yrs,47713,24287,23426,7740,3945,3795,9626,4893,4733,23514,11967,11547,4590,2335,2255,2243,1147,1096
2036,113,Dallas County,4,4 yrs,47421,24101,23320,7654,3902,3752,9701,4917,4784,23407,11903,11504,4471,2263,2208,2188,1116,1072
2036,113,Dallas County,5,5 yrs,47142,23965,23177,7587,3867,3720,9780,4961,4819,23275,11829,11446,4362,2213,2149,2138,1095,1043
2036,113,Dallas County,6,6 yrs,46870,23769,23101,7561,3850,3711,9856,4990,4866,23094,11713,11381,4263,2151,2112,2096,1065,1031
2036,113,Dallas County,7,7 yrs,46593,23616,22977,7564,3847,3717,9925,5034,4891,22876,11580,11296,4171,2110,2061,2057,1045,1012
2036,113,Dallas County,8,8 yrs,46319,23419,22900,7591,3856,3735,9987,5054,4933,22622,11427,11195,4097,2063,2034,2022,1019,1003
2036,113,Dallas County,9,9 yrs,46011,23251,22760,7628,3872,3756,10050,5093,4957,22322,11252,11070,4026,2034,1992,1985,1000,985
2036,113,Dallas County,10,10 yrs,45688,23028,22660,7680,3893,3787,10096,5107,4989,21992,11061,10931,3967,1992,1975,1953,975,978
2036,113,Dallas County,11,11 yrs,45364,22898,22466,7739,3917,3822,10000,5068,4932,21758,10959,10799,3963,2000,1963,1904,954,950
2036,113,Dallas County,12,12 yrs,45044,22722,22322,7808,3945,3863,9901,5010,4891,21513,10851,10662,3968,1993,1975,1854,923,931
2036,113,Dallas County,13,13 yrs,44751,22605,22146,7878,3973,3905,9799,4967,4832,21277,10747,10530,3990,2014,1976,1807,904,903
2036,113,Dallas County,14,14 yrs,44460,22444,22016,7951,4003,3948,9692,4908,4784,21047,10643,10404,4008,2013,1995,1762,877,885
2036,113,Dallas County,15,15 yrs,44148,22323,21825,8033,4050,3983,9563,4847,4716,20803,10530,10273,4029,2034,1995,1720,862,858
2036,113,Dallas County,16,16 yrs,45062,22706,22356,8519,4277,4242,9589,4844,4745,20874,10537,10337,4380,2205,2175,1700,843,857
2036,113,Dallas County,17,17 yrs,45591,22918,22673,8900,4437,4463,9481,4782,4699,20869,10507,10362,4689,2377,2312,1652,815,837
2036,113,Dallas County,18,18 yrs,44379,22339,22040,8573,4326,4247,8965,4546,4419,20391,10245,10146,4837,2442,2395,1613,780,833
2036,113,Dallas County,19,19 yrs,42302,21277,21025,7839,3911,3928,8465,4308,4157,19521,9807,9714,4904,2492,2412,1573,759,814
2036,113,Dallas County,20,20 yrs,43333,21670,21663,8166,4067,4099,8526,4315,4211,19785,9873,9912,5283,2675,2608,1573,740,833
2036,113,Dallas County,21,21 yrs,44480,22117,22363,8580,4259,4321,8883,4459,4424,19732,9790,9942,5672,2847,2825,1613,762,851
2036,113,Dallas County,22,22 yrs,46022,22678,23344,9217,4558,4659,9277,4621,4656,19739,9700,10039,6129,3014,3115,1660,785,875
2036,113,Dallas County,23,23 yrs,48012,23527,24485,10232,5039,5193,9612,4762,4850,19796,9665,10131,6667,3260,3407,1705,801,904
2036,113,Dallas County,24,24 yrs,49686,24235,25451,11043,5463,5580,9870,4853,5017,19921,9677,10244,7096,3426,3670,1756,816,940
2036,113,Dallas County,25,25 yrs,51342,24916,26426,11889,5889,6000,10180,4977,5203,19964,9646,10318,7528,3576,3952,1781,828,953
2036,113,Dallas County,26,26 yrs,49911,24317,25594,9280,4710,4570,10569,5179,5390,21344,10163,11181,7000,3478,3522,1718,787,931
2036,113,Dallas County,27,27 yrs,50468,24443,26025,9178,4612,4566,11044,5327,5717,21373,10290,11083,7157,3469,3688,1716,745,971
2036,113,Dallas County,28,28 yrs,52080,25468,26612,9456,4775,4681,11497,5700,5797,21928,10582,11346,7413,3602,3811,1786,809,977
2036,113,Dallas County,29,29 yrs,51455,25142,26313,9302,4839,4463,11799,5847,5952,21549,10316,11233,7239,3481,3758,1566,659,907
2036,113,Dallas County,30,30 yrs,50693,24567,26126,9119,4736,4383,11915,5762,6153,20848,9834,11014,7224,3537,3687,1587,698,889
2036,113,Dallas County,31,31 yrs,49435,23956,25479,9066,4702,4364,11737,5673,6064,20205,9493,10712,7033,3475,3558,1394,613,781
2036,113,Dallas County,32,32 yrs,48242,23452,24790,8874,4593,4281,11679,5595,6084,19390,9119,10271,6924,3535,3389,1375,610,765
2036,113,Dallas County,33,33 yrs,47073,22755,24318,8595,4502,4093,11621,5593,6028,18825,8789,10036,6733,3277,3456,1299,594,705
2036,113,Dallas County,34,34 yrs,47242,22907,24335,8691,4526,4165,11998,5835,6163,19095,8936,10159,6270,3057,3213,1188,553,635
2036,113,Dallas County,35,35 yrs,47184,22960,24224,8785,4656,4129,11969,5876,6093,18655,8666,9989,6577,3245,3332,1198,517,681
2036,113,Dallas County,36,36 yrs,46036,22115,23921,8729,4519,4210,12355,5916,6439,17803,8290,9513,5966,2826,3140,1183,564,619
2036,113,Dallas County,37,37 yrs,44163,21195,22968,8745,4563,4182,11959,5776,6183,16790,7630,9160,5472,2710,2762,1197,516,681
2036,113,Dallas County,38,38 yrs,43363,20893,22470,8735,4550,4185,12149,5943,6206,16033,7286,8747,5228,2566,2662,1218,548,670
2036,113,Dallas County,39,39 yrs,43209,20557,22652,9109,4716,4393,12308,5879,6429,15509,7080,8429,5160,2372,2788,1123,510,613
2036,113,Dallas County,40,40 yrs,43006,20540,22466,8997,4632,4365,12462,6106,6356,15248,6797,8451,5140,2446,2694,1159,559,600
2036,113,Dallas County,41,41 yrs,43893,21223,22670,9351,4872,4479,13208,6366,6842,14981,6888,8093,5157,2544,2613,1196,553,643
2036,113,Dallas County,42,42 yrs,43156,20597,22559,9153,4750,4403,13146,6293,6853,14659,6707,7952,5097,2344,2753,1101,503,598
2036,113,Dallas County,43,43 yrs,42483,20291,22192,8845,4577,4268,13668,6518,7150,14555,6679,7876,4331,2057,2274,1084,460,624
2036,113,Dallas County,44,44 yrs,41821,20107,21714,9065,4626,4439,13023,6301,6722,14256,6601,7655,4529,2147,2382,948,432,516
2036,113,Dallas County,45,45 yrs,42243,20349,21894,9269,4743,4526,12860,6095,6765,14496,6736,7760,4640,2318,2322,978,457,521
2036,113,Dallas County,46,46 yrs,41601,20127,21474,9418,4878,4540,12261,5693,6568,14249,6817,7432,4736,2313,2423,937,426,511
2036,113,Dallas County,47,47 yrs,40299,19404,20895,9204,4544,4660,11338,5270,6068,14030,6914,7116,4914,2332,2582,813,344,469
2036,113,Dallas County,48,48 yrs,40793,19919,20874,9863,4858,5005,10672,4890,5782,14572,7190,7382,4858,2631,2227,828,350,478
2036,113,Dallas County,49,49 yrs,40695,19472,21223,10283,4974,5309,10092,4615,5477,14749,7307,7442,4786,2278,2508,785,298,487
2036,113,Dallas County,50,50 yrs,41266,19641,21625,10686,5162,5524,9890,4367,5523,14849,7322,7527,5046,2419,2627,795,371,424
2036,113,Dallas County,51,51 yrs,39379,19110,20269,10188,4938,5250,9105,4095,5010,14732,7336,7396,4644,2432,2212,710,309,401
2036,113,Dallas County,52,52 yrs,39162,18770,20392,9823,4931,4892,8754,3909,4845,14775,7308,7467,5124,2293,2831,686,329,357
2036,113,Dallas County,53,53 yrs,40341,19335,21006,9900,4971,4929,8862,3888,4974,15643,7726,7917,5198,2410,2788,738,340,398
2036,113,Dallas County,54,54 yrs,39175,19012,20163,9480,4754,4726,8462,3735,4727,15629,7839,7790,4898,2344,2554,706,340,366
2036,113,Dallas County,55,55 yrs,39081,18738,20343,9286,4622,4664,8495,3692,4803,16108,8051,8057,4616,2085,2531,576,288,288
2036,113,Dallas County,56,56 yrs,39028,18915,20113,8778,4440,4338,8358,3598,4760,16585,8311,8274,4668,2242,2426,639,324,315
2036,113,Dallas County,57,57 yrs,35730,17389,18341,7996,4045,3951,7683,3345,4338,15373,7733,7640,4147,1995,2152,531,271,260
2036,113,Dallas County,58,58 yrs,35507,17184,18323,7798,3908,3890,7265,3087,4178,16018,8057,7961,3937,1911,2026,489,221,268
2036,113,Dallas County,59,59 yrs,34700,16552,18148,7590,3873,3717,7120,2999,4121,15734,7668,8066,3775,1779,1996,481,233,248
2036,113,Dallas County,60,60 yrs,34475,16272,18203,7370,3701,3669,6771,2798,3973,15797,7648,8149,4090,1896,2194,447,229,218
2036,113,Dallas County,61,61 yrs,34693,16723,17970,7481,3784,3697,6706,2840,3866,16136,7967,8169,3932,1917,2015,438,215,223
2036,113,Dallas County,62,62 yrs,32332,15306,17026,7028,3499,3529,6437,2652,3785,14808,7173,7635,3705,1809,1896,354,173,181
2036,113,Dallas County,63,63 yrs,32167,15445,16722,7165,3648,3517,6508,2722,3786,14524,7149,7375,3538,1715,1823,432,211,221
2036,113,Dallas County,64,64 yrs,31937,15282,16655,7448,3726,3722,6576,2754,3822,14089,6877,7212,3443,1743,1700,381,182,199
2036,113,Dallas County,65,65 yrs,31686,15045,16641,7945,3992,3953,6631,2707,3924,13344,6460,6884,3365,1710,1655,401,176,225
2036,113,Dallas County,66,66 yrs,30999,14781,16218,7851,3929,3922,6334,2586,3748,13357,6608,6749,3082,1476,1606,375,182,193
2036,113,Dallas County,67,67 yrs,27935,13590,14345,7236,3608,3628,5752,2455,3297,11814,5939,5875,2810,1436,1374,323,152,171
2036,113,Dallas County,68,68 yrs,26953,12887,14066,6958,3421,3537,5830,2427,3403,11332,5615,5717,2497,1265,1232,336,159,177
2036,113,Dallas County,69,69 yrs,25475,12120,13355,6831,3389,3442,5606,2313,3293,10602,5278,5324,2165,1008,1157,271,132,139
2036,113,Dallas County,70,70 yrs,24995,11860,13135,6820,3334,3486,5769,2354,3415,10089,5033,5056,2047,1010,1037,270,129,141
2036,113,Dallas County,71,71 yrs,25527,12149,13378,7529,3717,3812,6031,2456,3575,9661,4849,4812,2008,994,1014,298,133,165
2036,113,Dallas County,72,72 yrs,24322,11478,12844,7767,3707,4060,5654,2279,3375,8684,4399,4285,1951,966,985,266,127,139
2036,113,Dallas County,73,73 yrs,23623,10836,12787,8055,3829,4226,5450,2142,3308,8045,3886,4159,1820,867,953,253,112,141
2036,113,Dallas County,74,74 yrs,22467,10221,12246,8117,3753,4364,5262,2108,3154,7287,3522,3765,1597,751,846,204,87,117
2036,113,Dallas County,75,75 yrs,22025,10026,11999,7981,3698,4283,5199,2056,3143,7019,3400,3619,1612,785,827,214,87,127
2036,113,Dallas County,76,76 yrs,21235,9601,11634,7924,3622,4302,5004,1994,3010,6530,3174,3356,1586,728,858,191,83,108
2036,113,Dallas County,77,77 yrs,19378,8559,10819,7550,3452,4098,4524,1741,2783,5725,2672,3053,1425,635,790,154,59,95
2036,113,Dallas County,78,78 yrs,18426,8085,10341,7441,3371,4070,4275,1652,2623,5139,2350,2789,1416,651,765,155,61,94
2036,113,Dallas County,79,79 yrs,17164,7390,9774,7031,3105,3926,3949,1477,2472,4694,2124,2570,1362,639,723,128,45,83
2036,113,Dallas County,80,80 yrs,15771,6777,8994,6686,2994,3692,3534,1317,2217,4240,1890,2350,1199,535,664,112,41,71
2036,113,Dallas County,81,81 yrs,14583,6212,8371,6414,2809,3605,3217,1180,2037,3769,1683,2086,1088,510,578,95,30,65
2036,113,Dallas County,82,82 yrs,12774,5239,7535,5785,2414,3371,2742,977,1765,3185,1379,1806,983,443,540,79,26,53
2036,113,Dallas County,83,83 yrs,11918,4868,7050,5487,2313,3174,2531,880,1651,2849,1223,1626,978,431,547,73,21,52
2036,113,Dallas County,84,84 yrs,10567,4164,6403,4929,2012,2917,2332,761,1571,2473,1021,1452,774,351,423,59,19,40
2036,113,Dallas County,85,85 yrs,9627,3789,5838,4370,1791,2579,2183,699,1484,2253,951,1302,775,334,441,46,14,32
2036,113,Dallas County,86,86 yrs,8561,3303,5258,4020,1601,2419,1873,601,1272,1901,769,1132,723,320,403,44,12,32
2036,113,Dallas County,87,87 yrs,7603,2912,4691,3649,1433,2216,1679,532,1147,1643,674,969,595,264,331,37,9,28
2036,113,Dallas County,88,88 yrs,6897,2551,4346,3520,1344,2176,1468,460,1008,1392,527,865,486,212,274,31,8,23
2036,113,Dallas County,89,89 yrs,5965,2184,3781,3199,1220,1979,1158,346,812,1173,434,739,405,177,228,30,7,23
2036,113,Dallas County,90,90 yrs,4234,1510,2724,2073,759,1314,883,256,627,938,352,586,324,138,186,16,5,11
2036,113,Dallas County,91,91 yrs,3754,1299,2455,1867,654,1213,809,214,595,749,289,460,311,138,173,18,4,14
2036,113,Dallas County,92,92 yrs,3080,1058,2022,1579,567,1012,606,162,444,632,222,410,248,104,144,15,3,12
2036,113,Dallas County,93,93 yrs,2509,823,1686,1305,434,871,516,133,383,463,161,302,218,93,125,7,2,5
2036,113,Dallas County,94,94 yrs,1812,563,1249,937,295,642,379,91,288,343,119,224,148,57,91,5,1,4
2036,113,Dallas County,95,95+ yrs,5064,1495,3569,2406,687,1719,1081,232,849,1031,355,676,530,219,311,16,2,14
2037,113,Dallas County,-1,All Ages,3367145,1629709,1737436,733396,361985,371411,769147,359602,409545,1384513,674789,709724,385576,188454,197122,94513,44879,49634
2037,113,Dallas County,0,< 1 yr,49344,25174,24170,8217,4191,4026,9564,4881,4683,23885,12181,11704,5156,2634,2522,2522,1287,1235
2037,113,Dallas County,1,1 yr,48742,24822,23920,8022,4090,3932,9527,4845,4682,23727,12090,11637,5027,2557,2470,2439,1240,1199
2037,113,Dallas County,2,2 yrs,48408,24657,23751,7887,4021,3866,9581,4876,4705,23654,12044,11610,4912,2503,2409,2374,1213,1161
2037,113,Dallas County,3,3 yrs,48091,24459,23632,7769,3960,3809,9639,4892,4747,23573,11996,11577,4798,2433,2365,2312,1178,1134
2037,113,Dallas County,4,4 yrs,47778,24304,23474,7664,3906,3758,9704,4927,4777,23476,11940,11536,4679,2377,2302,2255,1154,1101
2037,113,Dallas County,5,5 yrs,47482,24117,23365,7579,3863,3716,9780,4952,4828,23368,11876,11492,4556,2303,2253,2199,1123,1076
2037,113,Dallas County,6,6 yrs,47191,23954,23237,7536,3837,3699,9846,4994,4852,23205,11769,11436,4451,2255,2196,2153,1099,1054
2037,113,Dallas County,7,7 yrs,46919,23758,23161,7510,3820,3690,9922,5023,4899,23025,11654,11371,4351,2192,2159,2111,1069,1042
2037,113,Dallas County,8,8 yrs,46636,23601,23035,7512,3816,3696,9991,5066,4925,22806,11521,11285,4256,2150,2106,2071,1048,1023
2037,113,Dallas County,9,9 yrs,46363,23407,22956,7540,3826,3714,10054,5088,4966,22552,11368,11184,4180,2102,2078,2037,1023,1014
2037,113,Dallas County,10,10 yrs,46055,23238,22817,7576,3841,3735,10117,5126,4991,22254,11195,11059,4108,2073,2035,2000,1003,997
2037,113,Dallas County,11,11 yrs,45747,23065,22682,7633,3862,3771,10030,5074,4956,22038,11099,10939,4103,2061,2042,1943,969,974
2037,113,Dallas County,12,12 yrs,45416,22932,22484,7690,3885,3805,9932,5035,4897,21802,10996,10806,4097,2068,2029,1895,948,947
2037,113,Dallas County,13,13 yrs,45092,22755,22337,7758,3913,3845,9830,4976,4854,21556,10887,10669,4102,2061,2041,1846,918,928
2037,113,Dallas County,14,14 yrs,44795,22633,22162,7828,3941,3887,9729,4932,4797,21319,10782,10537,4122,2081,2041,1797,897,900
2037,113,Dallas County,15,15 yrs,44475,22463,22012,7910,3987,3923,9609,4864,4745,21067,10663,10404,4137,2078,2059,1752,871,881
2037,113,Dallas County,16,16 yrs,45374,22892,22482,8398,4219,4179,9640,4878,4762,21114,10659,10455,4481,2268,2213,1741,868,873
2037,113,Dallas County,17,17 yrs,45954,23079,22875,8787,4381,4406,9544,4806,4738,21107,10626,10481,4824,2433,2391,1692,833,859
2037,113,Dallas County,18,18 yrs,44767,22555,22212,8483,4279,4204,9049,4594,4455,20616,10357,10259,4965,2519,2446,1654,806,848
2037,113,Dallas County,19,19 yrs,42741,21480,21261,7782,3883,3899,8557,4350,4207,19732,9913,9819,5054,2559,2495,1616,775,841
2037,113,Dallas County,20,20 yrs,43764,21910,21854,8125,4047,4078,8626,4368,4258,19953,9957,9996,5444,2773,2671,1616,765,851
2037,113,Dallas County,21,21 yrs,44949,22325,22624,8555,4250,4305,8996,4509,4487,19874,9855,10019,5861,2930,2931,1663,781,882
2037,113,Dallas County,22,22 yrs,46561,22962,23599,9214,4557,4657,9428,4700,4728,19858,9762,10096,6344,3128,3216,1717,815,902
2037,113,Dallas County,23,23 yrs,48603,23801,24802,10239,5044,5195,9789,4845,4944,19888,9714,10174,6924,3374,3550,1763,824,939
2037,113,Dallas County,24,24 yrs,50344,24583,25761,11062,5472,5590,10077,4966,5111,20001,9715,10286,7386,3581,3805,1818,849,969
2037,113,Dallas County,25,25 yrs,52028,25230,26798,11907,5900,6007,10395,5075,5320,20021,9673,10348,7851,3728,4123,1854,854,1000
2037,113,Dallas County,26,26 yrs,51957,25237,26720,12016,5988,6028,10448,5105,5343,19808,9523,10285,7866,3783,4083,1819,838,981
2037,113,Dallas County,27,27 yrs,50205,24417,25788,9221,4711,4510,10838,5291,5547,21119,9996,11123,7282,3623,3659,1745,796,949
2037,113,Dallas County,28,28 yrs,50877,24661,26216,9224,4677,4547,11293,5458,5835,21155,10134,11021,7464,3641,3823,1741,751,990
2037,113,Dallas County,29,29 yrs,52255,25477,26778,9332,4716,4616,11761,5810,5951,21653,10385,11268,7703,3757,3946,1806,809,997
2037,113,Dallas County,30,30 yrs,51672,25203,26469,9270,4850,4420,12051,5956,6095,21300,10145,11155,7455,3582,3873,1596,670,926
2037,113,Dallas County,31,31 yrs,50754,24580,26174,9014,4679,4335,12101,5857,6244,20643,9696,10947,7407,3649,3758,1589,699,890
2037,113,Dallas County,32,32 yrs,49291,23846,25445,8925,4634,4291,11873,5753,6120,19971,9335,10636,7137,3516,3621,1385,608,777
2037,113,Dallas County,33,33 yrs,48117,23359,24758,8736,4527,4209,11824,5672,6152,19143,8951,10192,7037,3598,3439,1377,611,766
2037,113,Dallas County,34,34 yrs,46862,22621,24241,8446,4421,4025,11745,5669,6076,18563,8624,9939,6815,3313,3502,1293,594,699
2037,113,Dallas County,35,35 yrs,47043,22763,24280,8530,4440,4090,12128,5906,6222,18860,8784,10076,6344,3085,3259,1181,548,633
2037,113,Dallas County,36,36 yrs,47017,22821,24196,8664,4586,4078,12004,5885,6119,18490,8557,9933,6661,3274,3387,1198,519,679
2037,113,Dallas County,37,37 yrs,45888,21983,23905,8616,4456,4160,12390,5927,6463,17655,8186,9469,6046,2851,3195,1181,563,618
2037,113,Dallas County,38,38 yrs,43981,21045,22936,8627,4496,4131,11983,5778,6205,16637,7525,9112,5541,2731,2810,1193,515,678
2037,113,Dallas County,39,39 yrs,43182,20761,22421,8619,4488,4131,12168,5944,6224,15887,7195,8692,5293,2585,2708,1215,549,666
2037,113,Dallas County,40,40 yrs,43049,20433,22616,8978,4646,4332,12351,5898,6453,15375,6988,8387,5226,2391,2835,1119,510,609
2037,113,Dallas County,41,41 yrs,42987,20489,22498,8938,4594,4344,12435,6085,6350,15234,6776,8458,5226,2481,2745,1154,553,601
2037,113,Dallas County,42,42 yrs,43850,21164,22686,9281,4826,4455,13163,6337,6826,14970,6871,8099,5244,2581,2663,1192,549,643
2037,113,Dallas County,43,43 yrs,43104,20532,22572,9088,4708,4380,13106,6271,6835,14637,6681,7956,5179,2376,2803,1094,496,598
2037,113,Dallas County,44,44 yrs,42413,20215,22198,8778,4535,4243,13620,6485,7135,14541,6657,7884,4399,2084,2315,1075,454,621
2037,113,Dallas County,45,45 yrs,41775,20060,21715,8987,4584,4403,12994,6286,6708,14242,6581,7661,4609,2182,2427,943,427,516
2037,113,Dallas County,46,46 yrs,42279,20335,21944,9231,4721,4510,12811,6069,6742,14532,6738,7794,4732,2353,2379,973,454,519
2037,113,Dallas County,47,47 yrs,41658,20125,21533,9379,4855,4524,12242,5689,6553,14280,6813,7467,4830,2348,2482,927,420,507
2037,113,Dallas County,48,48 yrs,40342,19400,20942,9164,4522,4642,11292,5251,6041,14065,6918,7147,5013,2368,2645,808,341,467
2037,113,Dallas County,49,49 yrs,40797,19892,20905,9812,4827,4985,10619,4864,5755,14597,7186,7411,4949,2670,2279,820,345,475
2037,113,Dallas County,50,50 yrs,40712,19464,21248,10221,4942,5279,10051,4602,5449,14783,7313,7470,4879,2311,2568,778,296,482
2037,113,Dallas County,51,51 yrs,41190,19596,21594,10590,5116,5474,9829,4331,5498,14853,7318,7535,5131,2459,2672,787,372,415
2037,113,Dallas County,52,52 yrs,39270,19048,20222,10087,4889,5198,9038,4060,4978,14722,7319,7403,4721,2471,2250,702,309,393
2037,113,Dallas County,53,53 yrs,39052,18695,20357,9724,4881,4843,8681,3867,4814,14766,7291,7475,5207,2330,2877,674,326,348
2037,113,Dallas County,54,54 yrs,40219,19258,20961,9797,4917,4880,8788,3850,4938,15624,7703,7921,5281,2448,2833,729,340,389
2037,113,Dallas County,55,55 yrs,39150,18967,20183,9420,4708,4712,8409,3700,4709,15642,7836,7806,4979,2382,2597,700,341,359
2037,113,Dallas County,56,56 yrs,38930,18621,20309,9171,4562,4609,8416,3648,4768,16094,8023,8071,4686,2107,2579,563,281,282
2037,113,Dallas County,57,57 yrs,38859,18787,20072,8666,4381,4285,8266,3546,4720,16563,8278,8285,4738,2265,2473,626,317,309
2037,113,Dallas County,58,58 yrs,35558,17267,18291,7888,3988,3900,7595,3296,4299,15347,7703,7644,4209,2016,2193,519,264,255
2037,113,Dallas County,59,59 yrs,35314,17052,18262,7689,3850,3839,7174,3037,4137,15982,8020,7962,3991,1929,2062,478,216,262
2037,113,Dallas County,60,60 yrs,34511,16426,18085,7484,3818,3666,7029,2951,4078,15696,7632,8064,3831,1797,2034,471,228,243
2037,113,Dallas County,61,61 yrs,34063,16047,18016,7193,3605,3588,6638,2726,3912,15647,7564,8083,4145,1928,2217,440,224,216
2037,113,Dallas County,62,62 yrs,34248,16479,17769,7295,3683,3612,6566,2766,3800,15969,7869,8100,3985,1950,2035,433,211,222
2037,113,Dallas County,63,63 yrs,31897,15071,16826,6848,3402,3446,6295,2578,3717,14655,7086,7569,3752,1838,1914,347,167,180
2037,113,Dallas County,64,64 yrs,31694,15186,16508,6975,3543,3432,6357,2643,3714,14351,7050,7301,3585,1743,1842,426,207,219
2037,113,Dallas County,65,65 yrs,31457,15027,16430,7242,3614,3628,6424,2675,3749,13925,6786,7139,3489,1773,1716,377,179,198
2037,113,Dallas County,66,66 yrs,31078,14712,16366,7741,3876,3865,6499,2643,3856,13133,6334,6799,3321,1691,1630,384,168,216
2037,113,Dallas County,67,67 yrs,30361,14425,15936,7640,3810,3830,6201,2523,3678,13128,6464,6664,3032,1453,1579,360,175,185
2037,113,Dallas County,68,68 yrs,27319,13245,14074,7035,3495,3540,5624,2392,3232,11598,5804,5794,2754,1409,1345,308,145,163
2037,113,Dallas County,69,69 yrs,26315,12528,13787,6754,3307,3447,5691,2358,3333,11106,5472,5634,2444,1239,1205,320,152,168
2037,113,Dallas County,70,70 yrs,24853,11773,13080,6623,3271,3352,5469,2247,3222,10384,5143,5241,2119,986,1133,258,126,132
2037,113,Dallas County,71,71 yrs,24449,11534,12915,6647,3232,3415,5629,2281,3348,9892,4904,4988,2027,998,1029,254,119,135
2037,113,Dallas County,72,72 yrs,24928,11789,13139,7326,3597,3729,5874,2372,3502,9466,4721,4745,1981,976,1005,281,123,158
2037,113,Dallas County,73,73 yrs,23686,11103,12583,7549,3582,3967,5486,2194,3292,8482,4265,4217,1919,945,974,250,117,133
2037,113,Dallas County,74,74 yrs,22972,10455,12517,7812,3688,4124,5286,2059,3227,7852,3761,4091,1785,844,941,237,103,134
2037,113,Dallas County,75,75 yrs,21784,9833,11951,7855,3607,4248,5089,2018,3071,7085,3398,3687,1564,730,834,191,80,111
2037,113,Dallas County,76,76 yrs,21286,9629,11657,7698,3547,4151,4978,1948,3030,6828,3282,3546,1588,776,812,194,76,118
2037,113,Dallas County,77,77 yrs,20452,9185,11267,7620,3462,4158,4774,1880,2894,6330,3053,3277,1555,717,838,173,73,100
2037,113,Dallas County,78,78 yrs,18608,8153,10455,7235,3285,3950,4313,1639,2674,5532,2556,2976,1388,621,767,140,52,88
2037,113,Dallas County,79,79 yrs,17617,7668,9949,7106,3197,3909,4051,1551,2500,4944,2235,2709,1377,632,745,139,53,86
2037,113,Dallas County,80,80 yrs,16338,6973,9365,6684,2927,3757,3729,1377,2352,4490,2010,2480,1321,621,700,114,38,76
2037,113,Dallas County,81,81 yrs,15071,6414,8657,6374,2829,3545,3362,1231,2131,4081,1807,2274,1155,512,643,99,35,64
2037,113,Dallas County,82,82 yrs,13848,5838,8010,6073,2634,3439,3045,1096,1949,3608,1599,2009,1039,484,555,83,25,58
2037,113,Dallas County,83,83 yrs,12072,4894,7178,5450,2250,3200,2585,903,1682,3030,1300,1730,938,419,519,69,22,47
2037,113,Dallas County,84,84 yrs,11197,4512,6685,5135,2140,2995,2375,807,1568,2694,1142,1552,929,406,523,64,17,47
2037,113,Dallas County,85,85 yrs,9854,3828,6026,4581,1845,2736,2173,692,1481,2319,947,1372,730,328,402,51,16,35
2037,113,Dallas County,86,86 yrs,8920,3467,5453,4026,1628,2398,2012,632,1380,2096,875,1221,743,319,424,43,13,30
2037,113,Dallas County,87,87 yrs,7855,2986,4869,3664,1436,2228,1716,538,1178,1748,699,1049,688,303,385,39,10,29
2037,113,Dallas County,88,88 yrs,6894,2603,4291,3285,1268,2017,1525,474,1051,1494,607,887,556,246,310,34,8,26
2037,113,Dallas County,89,89 yrs,6184,2249,3935,3130,1174,1956,1319,404,915,1254,468,786,454,196,258,27,7,20
2037,113,Dallas County,90,90 yrs,5272,1891,3381,2807,1048,1759,1027,296,731,1039,379,660,374,162,212,25,6,19
2037,113,Dallas County,91,91 yrs,3688,1284,2404,1784,637,1147,775,213,562,817,304,513,299,126,173,13,4,9
2037,113,Dallas County,92,92 yrs,3210,1086,2124,1578,538,1040,694,178,516,643,244,399,280,123,157,15,3,12
2037,113,Dallas County,93,93 yrs,2595,868,1727,1305,453,852,526,138,388,532,184,348,219,90,129,13,3,10
2037,113,Dallas County,94,94 yrs,2050,652,1398,1051,336,715,422,103,319,383,131,252,189,81,108,5,1,4
2037,113,Dallas County,95,95+ yrs,5291,1566,3725,2479,709,1770,1146,251,895,1078,373,705,572,231,341,16,2,14
2038,113,Dallas County,-1,All Ages,3404939,1646833,1758106,731119,360948,370171,776082,363113,412969,1399078,680572,718506,401290,195992,205298,97370,46208,51162
2038,113,Dallas County,0,< 1 yr,49807,25387,24420,8312,4238,4074,9599,4892,4707,23912,12194,11718,5377,2737,2640,2607,1326,1281
2038,113,Dallas County,1,1 yr,49179,25066,24113,8098,4129,3969,9558,4869,4689,23756,12104,11652,5248,2678,2570,2519,1286,1233
2038,113,Dallas County,2,2 yrs,48818,24846,23972,7945,4050,3895,9604,4879,4725,23689,12064,11625,5127,2605,2522,2453,1248,1205
2038,113,Dallas County,3,3 yrs,48469,24673,23796,7809,3981,3828,9655,4909,4746,23611,12015,11596,5007,2548,2459,2387,1220,1167
2038,113,Dallas County,4,4 yrs,48151,24474,23677,7692,3921,3771,9714,4925,4789,23531,11967,11564,4890,2476,2414,2324,1185,1139
2038,113,Dallas County,5,5 yrs,47837,24318,23519,7589,3868,3721,9781,4961,4820,23433,11910,11523,4768,2419,2349,2266,1160,1106
2038,113,Dallas County,6,6 yrs,47525,24102,23423,7528,3833,3695,9843,4983,4860,23293,11814,11479,4647,2346,2301,2214,1126,1088
2038,113,Dallas County,7,7 yrs,47234,23939,23295,7484,3806,3678,9910,5026,4884,23132,11708,11424,4540,2297,2243,2168,1102,1066
2038,113,Dallas County,8,8 yrs,46958,23743,23215,7457,3789,3668,9985,5054,4931,22951,11593,11358,4439,2234,2205,2126,1073,1053
2038,113,Dallas County,9,9 yrs,46678,23587,23091,7461,3786,3675,10056,5099,4957,22731,11459,11272,4343,2191,2152,2087,1052,1035
2038,113,Dallas County,10,10 yrs,46398,23390,23008,7487,3795,3692,10117,5119,4998,22478,11307,11171,4264,2142,2122,2052,1027,1025
2038,113,Dallas County,11,11 yrs,46109,23273,22836,7529,3810,3719,10047,5091,4956,22295,11231,11064,4247,2143,2104,1991,998,993
2038,113,Dallas County,12,12 yrs,45797,23098,22699,7584,3831,3753,9958,5038,4920,22080,11136,10944,4241,2130,2111,1934,963,971
2038,113,Dallas County,13,13 yrs,45458,22961,22497,7640,3853,3787,9858,4998,4860,21841,11030,10811,4233,2137,2096,1886,943,943
2038,113,Dallas County,14,14 yrs,45131,22783,22348,7706,3880,3826,9756,4940,4816,21595,10921,10674,4238,2130,2108,1836,912,924
2038,113,Dallas County,15,15 yrs,44812,22656,22156,7788,3926,3862,9643,4886,4757,21338,10803,10535,4257,2150,2107,1786,891,895
2038,113,Dallas County,16,16 yrs,45707,23033,22674,8269,4153,4116,9683,4893,4790,21378,10792,10586,4603,2318,2285,1774,877,897
2038,113,Dallas County,17,17 yrs,46278,23270,23008,8661,4322,4339,9595,4839,4756,21350,10749,10601,4939,2503,2436,1733,857,876
2038,113,Dallas County,18,18 yrs,45171,22737,22434,8381,4228,4153,9117,4621,4496,20861,10480,10381,5119,2585,2534,1693,823,870
2038,113,Dallas County,19,19 yrs,43171,21716,21455,7705,3844,3861,8645,4399,4246,19965,10029,9936,5199,2644,2555,1657,800,857
2038,113,Dallas County,20,20 yrs,44217,22121,22096,8067,4018,4049,8718,4411,4307,20163,10063,10100,5610,2847,2763,1659,782,877
2038,113,Dallas County,21,21 yrs,45393,22569,22824,8512,4228,4284,9098,4563,4535,20037,9936,10101,6038,3035,3003,1708,807,901
2038,113,Dallas County,22,22 yrs,47046,23176,23870,9184,4545,4639,9543,4751,4792,19995,9825,10170,6555,3220,3335,1769,835,934
2038,113,Dallas County,23,23 yrs,49162,24095,25067,10231,5041,5190,9946,4928,5018,19999,9772,10227,7162,3498,3664,1824,856,968
2038,113,Dallas County,24,24 yrs,50959,24865,26094,11065,5475,5590,10260,5051,5209,20085,9760,10325,7669,3706,3963,1880,873,1007
2038,113,Dallas County,25,25 yrs,52713,25589,27124,11922,5907,6015,10608,5191,5417,20094,9707,10387,8171,3896,4275,1918,888,1030
2038,113,Dallas County,26,26 yrs,52647,25555,27092,12030,5997,6033,10667,5204,5463,19858,9547,10311,8201,3943,4258,1891,864,1027
2038,113,Dallas County,27,27 yrs,52285,25360,26925,11947,5993,5954,10700,5207,5493,19594,9364,10230,8196,3948,4248,1848,848,1000
2038,113,Dallas County,28,28 yrs,50618,24646,25972,9268,4776,4492,11083,5422,5661,20901,9844,11057,7597,3802,3795,1769,802,967
2038,113,Dallas County,29,29 yrs,51068,24674,26394,9103,4619,4484,11557,5565,5992,20889,9944,10945,7759,3796,3963,1760,750,1010
2038,113,Dallas County,30,30 yrs,52477,25544,26933,9299,4725,4574,12008,5916,6092,21400,10211,11189,7930,3870,4060,1840,822,1018
2038,113,Dallas County,31,31 yrs,51720,25206,26514,9163,4792,4371,12237,6053,6184,21086,10001,11085,7638,3690,3948,1596,670,926
2038,113,Dallas County,32,32 yrs,50608,24468,26140,8872,4610,4262,12238,5938,6300,20403,9534,10869,7517,3693,3824,1578,693,885
2038,113,Dallas County,33,33 yrs,49156,23742,25414,8785,4566,4219,12021,5831,6190,19713,9160,10553,7250,3575,3675,1387,610,777
2038,113,Dallas County,34,34 yrs,47902,23224,24678,8584,4445,4139,11950,5749,6201,18876,8783,10093,7122,3637,3485,1370,610,760
2038,113,Dallas County,35,35 yrs,46669,22483,24186,8288,4336,3952,11872,5738,6134,18328,8474,9854,6894,3345,3549,1287,590,697
2038,113,Dallas County,36,36 yrs,46874,22627,24247,8413,4374,4039,12161,5917,6244,18694,8674,10020,6424,3111,3313,1182,551,631
2038,113,Dallas County,37,37 yrs,46867,22685,24182,8551,4523,4028,12038,5894,6144,18334,8448,9886,6748,3302,3446,1196,518,678
2038,113,Dallas County,38,38 yrs,45702,21828,23874,8496,4389,4107,12412,5927,6485,17492,8075,9417,6125,2875,3250,1177,562,615
2038,113,Dallas County,39,39 yrs,43793,20911,22882,8512,4435,4077,11996,5778,6218,16484,7429,9055,5611,2753,2858,1190,516,674
2038,113,Dallas County,40,40 yrs,43022,20637,22385,8495,4421,4074,12209,5961,6248,15750,7102,8648,5358,2605,2753,1210,548,662
2038,113,Dallas County,41,41 yrs,43026,20380,22646,8919,4608,4311,12321,5877,6444,15357,6965,8392,5315,2426,2889,1114,504,610
2038,113,Dallas County,42,42 yrs,42947,20429,22518,8869,4549,4320,12392,6058,6334,15221,6756,8465,5314,2517,2797,1151,549,602
2038,113,Dallas County,43,43 yrs,43793,21095,22698,9215,4783,4432,13118,6310,6808,14946,6844,8102,5330,2617,2713,1184,541,643
2038,113,Dallas County,44,44 yrs,43046,20461,22585,9019,4665,4354,13056,6239,6817,14623,6659,7964,5262,2408,2854,1086,490,596
2038,113,Dallas County,45,45 yrs,42350,20156,22194,8701,4493,4208,13583,6464,7119,14525,6636,7889,4472,2115,2357,1069,448,621
2038,113,Dallas County,46,46 yrs,41807,20040,21767,8948,4561,4387,12941,6256,6685,14278,6583,7695,4702,2216,2486,938,424,514
2038,113,Dallas County,47,47 yrs,42335,20336,21999,9192,4699,4493,12789,6065,6724,14565,6735,7830,4827,2389,2438,962,448,514
2038,113,Dallas County,48,48 yrs,41692,20117,21575,9338,4832,4506,12189,5667,6522,14315,6816,7499,4928,2385,2543,922,417,505
2038,113,Dallas County,49,49 yrs,40348,19369,20979,9116,4493,4623,11232,5223,6009,14089,6914,7175,5110,2402,2708,801,337,464
2038,113,Dallas County,50,50 yrs,40815,19890,20925,9750,4795,4955,10576,4850,5726,14633,7193,7440,5042,2709,2333,814,343,471
2038,113,Dallas County,51,51 yrs,40634,19418,21216,10129,4898,5231,9987,4565,5422,14790,7310,7480,4961,2349,2612,767,296,471
2038,113,Dallas County,52,52 yrs,41088,19532,21556,10488,5065,5423,9764,4296,5468,14843,7302,7541,5214,2496,2718,779,373,406
2038,113,Dallas County,53,53 yrs,39146,18974,20172,9983,4839,5144,8960,4015,4945,14713,7302,7411,4800,2512,2288,690,306,384
2038,113,Dallas County,54,54 yrs,38937,18621,20316,9622,4828,4794,8609,3829,4780,14749,7270,7479,5290,2367,2923,667,327,340
2038,113,Dallas County,55,55 yrs,40196,19213,20983,9736,4871,4865,8733,3815,4918,15636,7699,7937,5367,2486,2881,724,342,382
2038,113,Dallas County,56,56 yrs,39006,18854,20152,9305,4648,4657,8331,3656,4675,15629,7809,7820,5055,2408,2647,686,333,353
2038,113,Dallas County,57,57 yrs,38760,18490,20270,9054,4501,4553,8324,3595,4729,16075,7992,8083,4756,2128,2628,551,274,277
2038,113,Dallas County,58,58 yrs,38678,18655,20023,8551,4320,4231,8170,3491,4679,16536,8246,8290,4808,2288,2520,613,310,303
2038,113,Dallas County,59,59 yrs,35368,17134,18234,7778,3929,3849,7502,3244,4258,15312,7668,7644,4268,2035,2233,508,258,250
2038,113,Dallas County,60,60 yrs,35123,16925,18198,7582,3795,3787,7081,2987,4094,15941,7982,7959,4051,1950,2101,468,211,257
2038,113,Dallas County,61,61 yrs,34090,16192,17898,7304,3719,3585,6892,2875,4017,15548,7549,7999,3880,1826,2054,466,223,243
2038,113,Dallas County,62,62 yrs,33638,15815,17823,7014,3508,3506,6501,2654,3847,15487,7472,8015,4201,1961,2240,435,220,215
2038,113,Dallas County,63,63 yrs,33792,16229,17563,7108,3582,3526,6421,2688,3733,15803,7773,8030,4036,1982,2054,424,204,220
2038,113,Dallas County,64,64 yrs,31440,14828,16612,6665,3303,3362,6148,2504,3644,14482,6989,7493,3802,1868,1934,343,164,179
2038,113,Dallas County,65,65 yrs,31225,14935,16290,6782,3437,3345,6208,2566,3642,14183,6957,7226,3632,1773,1859,420,202,218
2038,113,Dallas County,66,66 yrs,30863,14701,16162,7057,3510,3547,6297,2612,3685,13705,6654,7051,3443,1753,1690,361,172,189
2038,113,Dallas County,67,67 yrs,30436,14360,16076,7532,3758,3774,6359,2578,3781,12911,6197,6714,3267,1666,1601,367,161,206
2038,113,Dallas County,68,68 yrs,29702,14061,15641,7428,3691,3737,6066,2458,3608,12892,6318,6574,2972,1426,1546,344,168,176
2038,113,Dallas County,69,69 yrs,26674,12877,13797,6829,3379,3450,5489,2324,3165,11366,5655,5711,2696,1380,1316,294,139,155
2038,113,Dallas County,70,70 yrs,25676,12172,13504,6550,3192,3358,5552,2292,3260,10879,5332,5547,2389,1211,1178,306,145,161
2038,113,Dallas County,71,71 yrs,24315,11453,12862,6455,3171,3284,5336,2178,3158,10182,5012,5170,2099,975,1124,243,117,126
2038,113,Dallas County,72,72 yrs,23883,11195,12688,6469,3128,3341,5481,2202,3279,9694,4775,4919,2000,980,1020,239,110,129
2038,113,Dallas County,73,73 yrs,24280,11407,12873,7120,3476,3644,5699,2283,3416,9250,4580,4670,1948,955,993,263,113,150
2038,113,Dallas County,74,74 yrs,23035,10716,12319,7321,3450,3871,5321,2109,3212,8276,4130,4146,1884,920,964,233,107,126
2038,113,Dallas County,75,75 yrs,22278,10062,12216,7560,3545,4015,5110,1971,3139,7638,3631,4007,1749,821,928,221,94,127
2038,113,Dallas County,76,76 yrs,21054,9443,11611,7576,3460,4116,4870,1911,2959,6891,3279,3612,1543,723,820,174,70,104
2038,113,Dallas County,77,77 yrs,20503,9214,11289,7402,3391,4011,4748,1836,2912,6619,3157,3462,1557,763,794,177,67,110
2038,113,Dallas County,78,78 yrs,19635,8749,10886,7302,3295,4007,4548,1769,2779,6115,2920,3195,1514,701,813,156,64,92
2038,113,Dallas County,79,79 yrs,17796,7735,10061,6909,3115,3794,4087,1538,2549,5323,2433,2890,1350,603,747,127,46,81
2038,113,Dallas County,80,80 yrs,16765,7235,9530,6754,3015,3739,3822,1445,2377,4729,2115,2614,1335,614,721,125,46,79
2038,113,Dallas County,81,81 yrs,15619,6606,9013,6374,2767,3607,3548,1288,2260,4322,1922,2400,1273,596,677,102,33,69
2038,113,Dallas County,82,82 yrs,14317,6031,8286,6036,2653,3383,3181,1144,2037,3908,1717,2191,1103,486,617,89,31,58
2038,113,Dallas County,83,83 yrs,13086,5457,7629,5719,2455,3264,2870,1013,1857,3432,1508,1924,991,459,532,74,22,52
2038,113,Dallas County,84,84 yrs,11347,4540,6807,5103,2083,3020,2427,830,1597,2866,1214,1652,891,395,496,60,18,42
2038,113,Dallas County,85,85 yrs,10444,4151,6293,4772,1963,2809,2213,734,1479,2528,1061,1467,875,378,497,56,15,41
2038,113,Dallas County,86,86 yrs,9131,3501,5630,4221,1677,2544,2005,626,1379,2158,871,1287,700,313,387,47,14,33
2038,113,Dallas County,87,87 yrs,8190,3136,5054,3670,1461,2209,1844,565,1279,1929,796,1133,708,303,405,39,11,28
2038,113,Dallas County,88,88 yrs,7134,2672,4462,3301,1271,2030,1560,479,1081,1593,631,962,646,283,363,34,8,26
2038,113,Dallas County,89,89 yrs,6190,2299,3891,2922,1108,1814,1371,416,955,1347,540,807,520,228,292,30,7,23
2038,113,Dallas County,90,90 yrs,5472,1951,3521,2747,1009,1738,1172,347,825,1111,409,702,419,180,239,23,6,17
2038,113,Dallas County,91,91 yrs,4592,1610,2982,2417,881,1536,902,248,654,907,328,579,344,148,196,22,5,17
2038,113,Dallas County,92,92 yrs,3157,1076,2081,1509,525,984,665,178,487,703,258,445,269,112,157,11,3,8
2038,113,Dallas County,93,93 yrs,2715,897,1818,1308,432,876,603,152,451,542,203,339,249,107,142,13,3,10
2038,113,Dallas County,94,94 yrs,2121,689,1432,1052,352,700,431,107,324,440,150,290,189,78,111,9,2,7
2038,113,Dallas County,95,95+ yrs,5663,1692,3971,2624,756,1868,1231,275,956,1148,396,752,643,262,381,17,3,14
2039,113,Dallas County,-1,All Ages,3442910,1664085,1778825,728968,360003,368965,782830,366554,416276,1413214,686132,727082,417579,203809,213770,100319,47587,52732
2039,113,Dallas County,0,< 1 yr,50294,25658,24636,8420,4294,4126,9638,4918,4720,23938,12208,11730,5605,2863,2742,2693,1375,1318
2039,113,Dallas County,1,1 yr,49639,25279,24360,8192,4176,4016,9592,4879,4713,23778,12115,11663,5472,2783,2689,2605,1326,1279
2039,113,Dallas County,2,2 yrs,49250,25087,24163,8020,4089,3931,9632,4902,4730,23713,12075,11638,5352,2727,2625,2533,1294,1239
2039,113,Dallas County,3,3 yrs,48881,24863,24018,7866,4010,3856,9678,4912,4766,23644,12033,11611,5227,2652,2575,2466,1256,1210
2039,113,Dallas County,4,4 yrs,48528,24687,23841,7731,3941,3790,9728,4941,4787,23566,11984,11582,5103,2593,2510,2400,1228,1172
2039,113,Dallas County,5,5 yrs,48206,24485,23721,7615,3881,3734,9788,4958,4830,23485,11935,11550,4981,2519,2462,2337,1192,1145
2039,113,Dallas County,6,6 yrs,47882,24305,23577,7537,3837,3700,9842,4992,4850,23356,11847,11509,4865,2465,2400,2282,1164,1118
2039,113,Dallas County,7,7 yrs,47566,24086,23480,7475,3802,3673,9905,5014,4891,23217,11751,11466,4740,2390,2350,2229,1129,1100
2039,113,Dallas County,8,8 yrs,47272,23922,23350,7432,3776,3656,9971,5056,4915,23055,11645,11410,4631,2340,2291,2183,1105,1078
2039,113,Dallas County,9,9 yrs,46996,23727,23269,7406,3759,3647,10048,5086,4962,22873,11530,11343,4529,2276,2253,2140,1076,1064
2039,113,Dallas County,10,10 yrs,46709,23568,23141,7408,3755,3653,10118,5130,4988,22653,11396,11257,4430,2232,2198,2100,1055,1045
2039,113,Dallas County,11,11 yrs,46451,23425,23026,7438,3763,3675,10045,5084,4961,22517,11342,11175,4408,2215,2193,2043,1021,1022
2039,113,Dallas County,12,12 yrs,46157,23307,22850,7478,3778,3700,9972,5054,4918,22335,11267,11068,4390,2216,2174,1982,992,990
2039,113,Dallas County,13,13 yrs,45840,23127,22713,7533,3798,3735,9883,5001,4882,22116,11168,10948,4383,2202,2181,1925,958,967
2039,113,Dallas County,14,14 yrs,45498,22989,22509,7588,3820,3768,9781,4960,4821,21877,11063,10814,4375,2209,2166,1877,937,940
2039,113,Dallas County,15,15 yrs,45147,22805,22342,7667,3866,3801,9669,4894,4775,21611,10940,10671,4374,2199,2175,1826,906,920
2039,113,Dallas County,16,16 yrs,46049,23229,22820,8140,4089,4051,9715,4914,4801,21649,10932,10717,4736,2397,2339,1809,897,912
2039,113,Dallas County,17,17 yrs,46626,23420,23206,8527,4253,4274,9639,4855,4784,21616,10883,10733,5076,2561,2515,1768,868,900
2039,113,Dallas County,18,18 yrs,45536,22946,22590,8266,4174,4092,9173,4655,4518,21109,10605,10504,5252,2664,2588,1736,848,888
2039,113,Dallas County,19,19 yrs,43624,21926,21698,7618,3801,3817,8716,4429,4287,20220,10156,10064,5372,2721,2651,1698,819,879
2039,113,Dallas County,20,20 yrs,44660,22366,22294,7988,3979,4009,8804,4459,4345,20396,10179,10217,5771,2942,2829,1701,807,894
2039,113,Dallas County,21,21 yrs,45860,22786,23074,8451,4198,4253,9193,4608,4585,20241,10038,10203,6221,3117,3104,1754,825,929
2039,113,Dallas County,22,22 yrs,47500,23425,24075,9138,4522,4616,9646,4806,4840,20152,9903,10249,6747,3332,3415,1817,862,955
2039,113,Dallas County,23,23 yrs,49659,24313,25346,10194,5027,5167,10063,4979,5084,20131,9832,10299,7392,3598,3794,1879,877,1002
2039,113,Dallas County,24,24 yrs,51539,25166,26373,11054,5471,5583,10421,5136,5285,20190,9814,10376,7931,3839,4092,1943,906,1037
2039,113,Dallas County,25,25 yrs,53355,25882,27473,11922,5909,6013,10797,5278,5519,20173,9749,10424,8480,4032,4448,1983,914,1069
2039,113,Dallas County,26,26 yrs,53338,25915,27423,12044,6003,6041,10883,5322,5561,19924,9577,10347,8532,4116,4416,1955,897,1058
2039,113,Dallas County,27,27 yrs,52986,25683,27303,11959,6001,5958,10924,5308,5616,19639,9386,10253,8543,4114,4429,1921,874,1047
2039,113,Dallas County,28,28 yrs,52782,25642,27140,12024,6086,5938,10929,5328,5601,19390,9221,10169,8564,4152,4412,1875,855,1020
2039,113,Dallas County,29,29 yrs,50810,24667,26143,9147,4717,4430,11341,5528,5813,20636,9658,10978,7898,3962,3936,1788,802,986
2039,113,Dallas County,30,30 yrs,51298,24740,26558,9071,4629,4442,11803,5667,6136,20641,9775,10866,7990,3907,4083,1793,762,1031
2039,113,Dallas County,31,31 yrs,52524,25550,26974,9192,4668,4524,12189,6009,6180,21183,10065,11118,8117,3984,4133,1843,824,1019
2039,113,Dallas County,32,32 yrs,51567,25087,26480,9020,4722,4298,12375,6136,6239,20837,9833,11004,7750,3732,4018,1585,664,921
2039,113,Dallas County,33,33 yrs,50473,24365,26108,8733,4543,4190,12387,6018,6369,20138,9355,10783,7635,3754,3881,1580,695,885
2039,113,Dallas County,34,34 yrs,48930,23599,25331,8633,4484,4149,12149,5909,6240,19433,8986,10447,7334,3610,3724,1381,610,771
2039,113,Dallas County,35,35 yrs,47702,23083,24619,8424,4360,4064,12077,5818,6259,18636,8629,10007,7202,3671,3531,1363,605,758
2039,113,Dallas County,36,36 yrs,46505,22348,24157,8173,4270,3903,11903,5747,6156,18162,8366,9796,6979,3372,3607,1288,593,695
2039,113,Dallas County,37,37 yrs,46718,22490,24228,8303,4313,3990,12194,5928,6266,18537,8564,9973,6504,3135,3369,1180,550,630
2039,113,Dallas County,38,38 yrs,46678,22526,24152,8432,4456,3976,12060,5893,6167,18162,8332,9830,6833,3328,3505,1191,517,674
2039,113,Dallas County,39,39 yrs,45514,21687,23827,8383,4329,4054,12425,5925,6500,17328,7973,9355,6203,2897,3306,1175,563,612
2039,113,Dallas County,40,40 yrs,43621,20782,22839,8389,4369,4020,12029,5792,6237,16339,7331,9008,5679,2774,2905,1185,516,669
2039,113,Dallas County,41,41 yrs,42995,20582,22413,8437,4384,4053,12177,5937,6240,15731,7078,8653,5447,2642,2805,1203,541,662
2039,113,Dallas County,42,42 yrs,42979,20316,22663,8851,4564,4287,12273,5849,6424,15341,6943,8398,5403,2460,2943,1111,500,611
2039,113,Dallas County,43,43 yrs,42890,20360,22530,8805,4508,4297,12346,6033,6313,15195,6727,8468,5401,2551,2850,1143,541,602
2039,113,Dallas County,44,44 yrs,43728,21019,22709,9144,4739,4405,13063,6274,6789,14929,6820,8109,5417,2652,2765,1175,534,641
2039,113,Dallas County,45,45 yrs,42991,20405,22586,8943,4624,4319,13015,6217,6798,14604,6636,7968,5350,2444,2906,1079,484,595
2039,113,Dallas County,46,46 yrs,42366,20128,22238,8660,4469,4191,13522,6430,7092,14558,6636,7922,4563,2148,2415,1063,445,618
2039,113,Dallas County,47,47 yrs,41853,20031,21822,8908,4538,4370,12912,6245,6667,14308,6579,7729,4798,2251,2547,927,418,509
2039,113,Dallas County,48,48 yrs,42367,20328,22039,9152,4677,4475,12735,6043,6692,14600,6738,7862,4924,2426,2498,956,444,512
2039,113,Dallas County,49,49 yrs,41694,20082,21612,9289,4802,4487,12122,5635,6487,14343,6812,7531,5026,2421,2605,914,412,502
2039,113,Dallas County,50,50 yrs,40361,19358,21003,9053,4459,4594,11182,5207,5975,14123,6920,7203,5209,2437,2772,794,335,459
2039,113,Dallas County,51,51 yrs,40738,19851,20887,9663,4753,4910,10507,4809,5698,14638,7190,7448,5125,2754,2371,805,345,460
2039,113,Dallas County,52,52 yrs,40527,19353,21174,10031,4849,5182,9917,4527,5390,14781,7295,7486,5042,2386,2656,756,296,460
2039,113,Dallas County,53,53 yrs,40977,19458,21519,10385,5015,5370,9689,4251,5438,14834,7285,7549,5301,2536,2765,768,371,397
2039,113,Dallas County,54,54 yrs,39014,18899,20115,9877,4786,5091,8882,3974,4908,14694,7280,7414,4878,2552,2326,683,307,376
2039,113,Dallas County,55,55 yrs,38919,18578,20341,9562,4782,4780,8554,3794,4760,14762,7268,7494,5379,2406,2973,662,328,334
2039,113,Dallas County,56,56 yrs,40050,19097,20953,9618,4809,4809,8651,3769,4882,15621,7672,7949,5450,2513,2937,710,334,376
2039,113,Dallas County,57,57 yrs,38842,18730,20112,9187,4587,4600,8241,3604,4637,15610,7779,7831,5132,2434,2698,672,326,346
2039,113,Dallas County,58,58 yrs,38581,18359,20222,8934,4438,4496,8229,3542,4687,16051,7962,8089,4828,2150,2678,539,267,272
2039,113,Dallas County,59,59 yrs,38479,18513,19966,8433,4257,4176,8070,3435,4635,16499,8208,8291,4877,2310,2567,600,303,297
2039,113,Dallas County,60,60 yrs,35176,17006,18170,7670,3874,3796,7406,3193,4213,15273,7632,7641,4331,2056,2275,496,251,245
2039,113,Dallas County,61,61 yrs,34703,16694,18009,7401,3697,3704,6942,2911,4031,15791,7896,7895,4106,1984,2122,463,206,257
2039,113,Dallas County,62,62 yrs,33652,15953,17699,7123,3620,3503,6749,2799,3950,15389,7458,7931,3931,1857,2074,460,219,241
2039,113,Dallas County,63,63 yrs,33200,15579,17621,6836,3412,3424,6358,2580,3778,15327,7382,7945,4252,1992,2260,427,213,214
2039,113,Dallas County,64,64 yrs,33317,15974,17343,6921,3480,3441,6271,2611,3660,15617,7668,7949,4089,2015,2074,419,200,219
2039,113,Dallas County,65,65 yrs,30992,14595,16397,6482,3204,3278,6003,2431,3572,14317,6900,7417,3852,1900,1952,338,160,178
2039,113,Dallas County,66,66 yrs,30639,14612,16027,6609,3338,3271,6084,2505,3579,13960,6823,7137,3582,1751,1831,404,195,209
2039,113,Dallas County,67,67 yrs,30240,14357,15883,6869,3405,3464,6163,2548,3615,13475,6511,6964,3386,1727,1659,347,166,181
2039,113,Dallas County,68,68 yrs,29777,14001,15776,7322,3640,3682,6218,2512,3706,12683,6059,6624,3202,1635,1567,352,155,197
2039,113,Dallas County,69,69 yrs,29006,13669,15337,7210,3568,3642,5921,2387,3534,12638,6159,6479,2909,1395,1514,328,160,168
2039,113,Dallas County,70,70 yrs,26021,12511,13510,6622,3261,3361,5352,2258,3094,11133,5511,5622,2635,1349,1286,279,132,147
2039,113,Dallas County,71,71 yrs,25122,11844,13278,6384,3095,3289,5415,2221,3194,10669,5197,5472,2366,1197,1169,288,134,154
2039,113,Dallas County,72,72 yrs,23754,11117,12637,6280,3068,3212,5195,2103,3092,9979,4880,5099,2072,958,1114,228,108,120
2039,113,Dallas County,73,73 yrs,23265,10831,12434,6288,3023,3265,5317,2119,3198,9471,4631,4840,1965,957,1008,224,101,123
2039,113,Dallas County,74,74 yrs,23619,11014,12605,6904,3349,3555,5529,2196,3333,9028,4436,4592,1912,930,982,246,103,143
2039,113,Dallas County,75,75 yrs,22341,10316,12025,7086,3317,3769,5147,2021,3126,8047,3986,4061,1845,895,950,216,97,119
2039,113,Dallas County,76,76 yrs,21537,9669,11868,7292,3401,3891,4891,1867,3024,7430,3505,3925,1723,813,910,201,83,118
2039,113,Dallas County,77,77 yrs,20282,9037,11245,7287,3309,3978,4644,1800,2844,6680,3155,3525,1513,711,802,158,62,96
2039,113,Dallas County,78,78 yrs,19691,8783,10908,7094,3228,3866,4522,1727,2795,6397,3022,3375,1517,747,770,161,59,102
2039,113,Dallas County,79,79 yrs,18779,8301,10478,6974,3126,3848,4309,1660,2649,5882,2779,3103,1473,680,793,141,56,85
2039,113,Dallas County,80,80 yrs,16943,7300,9643,6569,2938,3631,3856,1432,2424,5094,2304,2790,1311,587,724,113,39,74
2039,113,Dallas County,81,81 yrs,16028,6855,9173,6440,2851,3589,3637,1352,2285,4553,2022,2531,1287,590,697,111,40,71
2039,113,Dallas County,82,82 yrs,14844,6216,8628,6039,2596,3443,3358,1197,2161,4140,1827,2313,1216,567,649,91,29,62
2039,113,Dallas County,83,83 yrs,13533,5638,7895,5687,2475,3212,2998,1058,1940,3719,1620,2099,1051,459,592,78,26,52
2039,113,Dallas County,84,84 yrs,12298,5061,7237,5354,2273,3081,2694,930,1764,3246,1408,1838,940,432,508,64,18,46
2039,113,Dallas County,85,85 yrs,10591,4179,6412,4746,1912,2834,2262,755,1507,2689,1127,1562,841,369,472,53,16,37
2039,113,Dallas County,86,86 yrs,9685,3802,5883,4397,1785,2612,2045,666,1379,2352,976,1376,840,362,478,51,13,38
2039,113,Dallas County,87,87 yrs,8387,3168,5219,3852,1506,2346,1839,560,1279,1986,792,1194,668,298,370,42,12,30
2039,113,Dallas County,88,88 yrs,7445,2811,4634,3310,1295,2015,1679,504,1175,1757,719,1038,665,284,381,34,9,25
2039,113,Dallas County,89,89 yrs,6414,2364,4050,2938,1112,1826,1404,421,983,1437,562,875,604,262,342,31,7,24
2039,113,Dallas County,90,90 yrs,5487,1998,3489,2567,953,1614,1220,358,862,1194,472,722,480,209,271,26,6,20
2039,113,Dallas County,91,91 yrs,4777,1666,3111,2368,849,1519,1031,292,739,971,355,616,387,165,222,20,5,15
2039,113,Dallas County,92,92 yrs,3933,1351,2582,2046,728,1318,777,208,569,780,278,502,311,133,178,19,4,15
2039,113,Dallas County,93,93 yrs,2671,888,1783,1250,421,829,580,152,428,592,214,378,240,98,142,9,3,6
2039,113,Dallas County,94,94 yrs,2227,714,1513,1055,334,721,496,119,377,450,166,284,216,93,123,10,2,8
2039,113,Dallas County,95,95+ yrs,6013,1821,4192,2733,802,1931,1306,298,1008,1250,431,819,705,287,418,19,3,16
2040,113,Dallas County,-1,All Ages,3481006,1681395,1799611,726907,359120,367787,789379,369912,419467,1426910,691459,735451,434449,211895,222554,103361,49009,54352
2040,113,Dallas County,0,< 1 yr,50803,25895,24908,8537,4354,4183,9676,4930,4746,23966,12222,11744,5842,2974,2868,2782,1415,1367
2040,113,Dallas County,1,1 yr,50122,25546,24576,8298,4231,4067,9630,4905,4725,23801,12127,11674,5702,2909,2793,2691,1374,1317
2040,113,Dallas County,2,2 yrs,49708,25299,24409,8112,4135,3977,9666,4912,4754,23732,12084,11648,5579,2834,2745,2619,1334,1285
2040,113,Dallas County,3,3 yrs,49310,25103,24207,7941,4049,3892,9704,4934,4770,23665,12043,11622,5454,2775,2679,2546,1302,1244
2040,113,Dallas County,4,4 yrs,48936,24876,24060,7788,3970,3818,9750,4944,4806,23594,12000,11594,5325,2698,2627,2479,1264,1215
2040,113,Dallas County,5,5 yrs,48578,24697,23881,7653,3901,3752,9800,4973,4827,23515,11950,11565,5197,2637,2560,2413,1236,1177
2040,113,Dallas County,6,6 yrs,48246,24469,23777,7562,3850,3712,9847,4987,4860,23405,11870,11535,5081,2567,2514,2351,1195,1156
2040,113,Dallas County,7,7 yrs,47917,24286,23631,7484,3806,3678,9900,5021,4879,23275,11781,11494,4961,2511,2450,2297,1167,1130
2040,113,Dallas County,8,8 yrs,47601,24068,23533,7423,3772,3651,9964,5044,4920,23135,11685,11450,4835,2435,2400,2244,1132,1112
2040,113,Dallas County,9,9 yrs,47307,23904,23403,7379,3745,3634,10031,5086,4945,22975,11581,11394,4724,2384,2340,2198,1108,1090
2040,113,Dallas County,10,10 yrs,47025,23706,23319,7352,3728,3624,10108,5116,4992,22792,11465,11327,4618,2318,2300,2155,1079,1076
2040,113,Dallas County,11,11 yrs,46758,23603,23155,7358,3723,3635,10043,5093,4950,22688,11430,11258,4579,2308,2271,2090,1049,1041
2040,113,Dallas County,12,12 yrs,46494,23456,23038,7388,3731,3657,9967,5045,4922,22551,11375,11176,4554,2289,2265,2034,1016,1018
2040,113,Dallas County,13,13 yrs,46194,23333,22861,7425,3744,3681,9893,5015,4878,22368,11298,11070,4536,2290,2246,1972,986,986
2040,113,Dallas County,14,14 yrs,45873,23152,22721,7479,3764,3715,9803,4962,4841,22148,11199,10949,4528,2275,2253,1915,952,963
2040,113,Dallas County,15,15 yrs,45512,23011,22501,7549,3806,3743,9692,4914,4778,21889,11080,10809,4516,2280,2236,1866,931,935
2040,113,Dallas County,16,16 yrs,46389,23380,23009,8011,4025,3986,9739,4921,4818,21923,11069,10854,4866,2453,2413,1850,912,938
2040,113,Dallas County,17,17 yrs,46982,23624,23358,8394,4188,4206,9672,4877,4795,21887,11022,10865,5225,2649,2576,1804,888,916
2040,113,Dallas County,18,18 yrs,45927,23119,22808,8143,4110,4033,9221,4674,4547,21380,10741,10639,5410,2734,2676,1773,860,913
2040,113,Dallas County,19,19 yrs,44040,22157,21883,7518,3754,3764,8778,4465,4313,20476,10284,10192,5526,2810,2716,1742,844,898
2040,113,Dallas County,20,20 yrs,45127,22580,22547,7898,3934,3964,8873,4487,4386,20650,10305,10345,5964,3029,2935,1742,825,917
2040,113,Dallas County,21,21 yrs,46309,23033,23276,8367,4156,4211,9280,4657,4623,20470,10152,10318,6394,3217,3177,1798,851,947
2040,113,Dallas County,22,22 yrs,47975,23646,24329,9071,4490,4581,9742,4851,4891,20351,10003,10348,6945,3420,3525,1866,882,984
2040,113,Dallas County,23,23 yrs,50123,24566,25557,10142,5001,5141,10168,5035,5133,20281,9906,10375,7604,3719,3885,1928,905,1023
2040,113,Dallas County,24,24 yrs,52048,25389,26659,11011,5454,5557,10541,5189,5352,20315,9870,10445,8180,3947,4233,2001,929,1072
2040,113,Dallas County,25,25 yrs,53954,26190,27764,11906,5903,6003,10961,5365,5596,20270,9799,10471,8768,4175,4593,2049,948,1101
2040,113,Dallas County,26,26 yrs,53984,26210,27774,12041,6003,6038,11074,5410,5664,19995,9615,10380,8851,4258,4593,2023,924,1099
2040,113,Dallas County,27,27 yrs,53684,26048,27636,11971,6006,5965,11143,5428,5715,19699,9413,10286,8885,4294,4591,1986,907,1079
2040,113,Dallas County,28,28 yrs,53488,25968,27520,12034,6093,5941,11157,5431,5726,19427,9238,10189,8922,4325,4597,1948,881,1067
2040,113,Dallas County,29,29 yrs,52998,25677,27321,11874,6014,5860,11173,5428,5745,19139,9044,10095,8917,4336,4581,1895,855,1040
2040,113,Dallas County,30,30 yrs,51043,24742,26301,9118,4728,4390,11581,5629,5952,20389,9493,10896,8135,4078,4057,1820,814,1006
2040,113,Dallas County,31,31 yrs,51355,24751,26604,8968,4575,4393,11983,5758,6225,20427,9632,10795,8183,4023,4160,1794,763,1031
2040,113,Dallas County,32,32 yrs,52364,25431,26933,9049,4600,4449,12322,6089,6233,20928,9892,11036,8232,4031,4201,1833,819,1014
2040,113,Dallas County,33,33 yrs,51422,24975,26447,8880,4654,4226,12525,6219,6306,20561,9647,10914,7869,3790,4079,1587,665,922
2040,113,Dallas County,34,34 yrs,50250,24225,26025,8581,4461,4120,12516,6098,6418,19853,9177,10676,7725,3793,3932,1575,696,879
2040,113,Dallas County,35,35 yrs,48722,23450,25272,8472,4399,4073,12281,5980,6301,19181,8825,10356,7414,3641,3773,1374,605,769
2040,113,Dallas County,36,36 yrs,47532,22947,24585,8307,4294,4013,12106,5827,6279,18465,8517,9948,7290,3701,3589,1364,608,756
2040,113,Dallas County,37,37 yrs,46358,22216,24142,8066,4211,3855,11935,5756,6179,18004,8257,9747,7067,3399,3668,1286,593,693
2040,113,Dallas County,38,38 yrs,46527,22331,24196,8189,4249,3940,12214,5929,6285,18363,8446,9917,6585,3158,3427,1176,549,627
2040,113,Dallas County,39,39 yrs,46485,22380,24105,8319,4395,3924,12072,5890,6182,17990,8225,9765,6916,3352,3564,1188,518,670
2040,113,Dallas County,40,40 yrs,45337,21549,23788,8258,4262,3996,12457,5938,6519,17173,7868,9305,6279,2919,3360,1170,562,608
2040,113,Dallas County,41,41 yrs,43590,20725,22865,8331,4332,3999,11993,5767,6226,16315,7303,9012,5774,2815,2959,1177,508,669
2040,113,Dallas County,42,42 yrs,42948,20519,22429,8371,4341,4030,12128,5907,6221,15713,7055,8658,5537,2679,2858,1199,537,662
2040,113,Dallas County,43,43 yrs,42915,20242,22673,8787,4522,4265,12223,5823,6400,15311,6912,8399,5491,2493,2998,1103,492,611
2040,113,Dallas County,44,44 yrs,42823,20285,22538,8736,4466,4270,12291,5999,6292,15175,6701,8474,5487,2585,2902,1134,534,600
2040,113,Dallas County,45,45 yrs,43669,20964,22705,9064,4696,4368,13019,6250,6769,14909,6797,8112,5509,2693,2816,1168,528,640
2040,113,Dallas County,46,46 yrs,43022,20380,22642,8900,4599,4301,12953,6183,6770,14636,6635,8001,5459,2482,2977,1074,481,593
2040,113,Dallas County,47,47 yrs,42400,20111,22289,8621,4446,4175,13482,6413,7069,14587,6631,7956,4657,2181,2476,1053,440,613
2040,113,Dallas County,48,48 yrs,41882,20015,21867,8868,4515,4353,12854,6218,6636,14342,6580,7762,4897,2288,2609,921,414,507
2040,113,Dallas County,49,49 yrs,42370,20295,22075,9106,4649,4457,12667,6010,6657,14627,6734,7893,5022,2463,2559,948,439,509
2040,113,Dallas County,50,50 yrs,41701,20067,21634,9226,4769,4457,12065,5615,6450,14379,6816,7563,5125,2458,2667,906,409,497
2040,113,Dallas County,51,51 yrs,40283,19311,20972,8970,4419,4551,11106,5163,5943,14129,6917,7212,5294,2476,2818,784,336,448
2040,113,Dallas County,52,52 yrs,40632,19792,20840,9569,4706,4863,10435,4769,5666,14629,7175,7454,5206,2797,2409,793,345,448
2040,113,Dallas County,53,53 yrs,40410,19277,21133,9932,4801,5131,9837,4479,5358,14773,7279,7494,5126,2425,2701,742,293,449
2040,113,Dallas County,54,54 yrs,40858,19384,21474,10280,4962,5318,9614,4210,5404,14817,7265,7552,5387,2575,2812,760,372,388
2040,113,Dallas County,55,55 yrs,38983,18855,20128,9815,4739,5076,8822,3936,4886,14707,7277,7430,4960,2594,2366,679,309,370
2040,113,Dallas County,56,56 yrs,38781,18466,20315,9449,4723,4726,8473,3748,4725,14748,7242,7506,5463,2433,3030,648,320,328
2040,113,Dallas County,57,57 yrs,39889,18970,20919,9499,4746,4753,8557,3716,4841,15602,7642,7960,5534,2539,2995,697,327,370
2040,113,Dallas County,58,58 yrs,38670,18604,20066,9066,4524,4542,8147,3550,4597,15587,7750,7837,5211,2461,2750,659,319,340
2040,113,Dallas County,59,59 yrs,38383,18217,20166,8815,4375,4440,8128,3485,4643,16018,7928,8090,4896,2169,2727,526,260,266
2040,113,Dallas County,60,60 yrs,38279,18374,19905,8318,4197,4121,7966,3379,4587,16460,8170,8290,4948,2333,2615,587,295,292
2040,113,Dallas County,61,61 yrs,34758,16776,17982,7488,3774,3714,7260,3113,4147,15129,7550,7579,4391,2093,2298,490,246,244
2040,113,Dallas County,62,62 yrs,34268,16459,17809,7221,3601,3620,6798,2836,3962,15631,7802,7829,4162,2019,2143,456,201,255
2040,113,Dallas County,63,63 yrs,33204,15709,17495,6942,3522,3420,6601,2720,3881,15231,7369,7862,3978,1886,2092,452,212,240
2040,113,Dallas County,64,64 yrs,32745,15337,17408,6657,3315,3342,6211,2506,3705,15148,7282,7866,4307,2025,2282,422,209,213
2040,113,Dallas County,65,65 yrs,32847,15727,17120,6731,3377,3354,6124,2536,3588,15436,7568,7868,4144,2051,2093,412,195,217
2040,113,Dallas County,66,66 yrs,30417,14285,16132,6319,3113,3206,5883,2375,3508,14093,6766,7327,3799,1877,1922,323,154,169
2040,113,Dallas County,67,67 yrs,30022,14271,15751,6433,3238,3195,5954,2444,3510,13726,6677,7049,3521,1724,1797,388,188,200
2040,113,Dallas County,68,68 yrs,29595,14003,15592,6679,3299,3380,6028,2483,3545,13236,6366,6870,3319,1695,1624,333,160,173
2040,113,Dallas County,69,69 yrs,29079,13614,15465,7108,3520,3588,6068,2440,3628,12435,5907,6528,3133,1600,1533,335,147,188
2040,113,Dallas County,70,70 yrs,28308,13286,15022,6993,3446,3547,5776,2320,3456,12384,6005,6379,2844,1363,1481,311,152,159
2040,113,Dallas County,71,71 yrs,25465,12178,13287,6455,3162,3293,5220,2188,3032,10919,5373,5546,2609,1333,1276,262,122,140
2040,113,Dallas County,72,72 yrs,24545,11501,13044,6213,2995,3218,5270,2145,3125,10458,5062,5396,2333,1175,1158,271,124,147
2040,113,Dallas County,73,73 yrs,23147,10761,12386,6103,2965,3138,5039,2024,3015,9753,4735,5018,2038,937,1101,214,100,114
2040,113,Dallas County,74,74 yrs,22639,10462,12177,6098,2913,3185,5157,2038,3119,9245,4486,4759,1930,933,997,209,92,117
2040,113,Dallas County,75,75 yrs,22915,10607,12308,6682,3220,3462,5348,2104,3244,8782,4284,4498,1873,905,968,230,94,136
2040,113,Dallas County,76,76 yrs,21601,9919,11682,6835,3183,3652,4924,1915,3009,7826,3849,3977,1819,886,933,197,86,111
2040,113,Dallas County,77,77 yrs,20751,9257,11494,7013,3252,3761,4662,1759,2903,7204,3373,3831,1690,800,890,182,73,109
2040,113,Dallas County,78,78 yrs,19475,8610,10865,6984,3150,3834,4420,1691,2729,6453,3018,3435,1474,696,778,144,55,89
2040,113,Dallas County,79,79 yrs,18835,8337,10498,6776,3063,3713,4284,1621,2663,6154,2877,3277,1476,725,751,145,51,94
2040,113,Dallas County,80,80 yrs,17879,7838,10041,6632,2950,3682,4064,1546,2518,5628,2632,2996,1428,661,767,127,49,78
2040,113,Dallas County,81,81 yrs,16203,6920,9283,6265,2778,3487,3668,1340,2328,4904,2204,2700,1265,564,701,101,34,67
2040,113,Dallas County,82,82 yrs,15238,6452,8786,6102,2676,3426,3443,1257,2186,4364,1924,2440,1230,561,669,99,34,65
2040,113,Dallas County,83,83 yrs,14037,5814,8223,5690,2421,3269,3166,1107,2059,3941,1725,2216,1159,536,623,81,25,56
2040,113,Dallas County,84,84 yrs,12725,5232,7493,5327,2293,3034,2812,970,1842,3518,1514,2004,1000,433,567,68,22,46
2040,113,Dallas County,85,85 yrs,11476,4659,6817,4979,2088,2891,2510,846,1664,3045,1307,1738,886,403,483,56,15,41
2040,113,Dallas County,86,86 yrs,9824,3830,5994,4377,1740,2637,2089,685,1404,2502,1038,1464,807,353,454,49,14,35
2040,113,Dallas County,87,87 yrs,8905,3446,5459,4014,1605,2409,1877,597,1280,2166,889,1277,802,344,458,46,11,35
2040,113,Dallas County,88,88 yrs,7624,2840,4784,3473,1334,2139,1676,500,1176,1810,716,1094,627,279,348,38,11,27
2040,113,Dallas County,89,89 yrs,6695,2486,4209,2947,1133,1814,1512,443,1069,1585,640,945,622,263,359,29,7,22
2040,113,Dallas County,90,90 yrs,5692,2058,3634,2582,957,1625,1252,363,889,1274,492,782,558,240,318,26,6,20
2040,113,Dallas County,91,91 yrs,4797,1712,3085,2215,804,1411,1072,301,771,1044,410,634,444,192,252,22,5,17
2040,113,Dallas County,92,92 yrs,4099,1401,2698,2008,702,1306,890,247,643,835,301,534,349,147,202,17,4,13
2040,113,Dallas County,93,93 yrs,3322,1113,2209,1697,585,1112,675,177,498,658,231,427,277,116,161,15,4,11
2040,113,Dallas County,94,94 yrs,2192,707,1485,1010,327,683,475,118,357,492,175,317,208,85,123,7,2,5
2040,113,Dallas County,95,95+ yrs,6387,1947,4440,2820,824,1996,1423,325,1098,1341,473,868,781,321,460,22,4,18
2041,113,Dallas County,-1,All Ages,3519294,1698830,1820464,724927,358292,366635,795732,373191,422541,1440189,696574,743615,451929,220275,231654,106517,50498,56019
2041,113,Dallas County,0,< 1 yr,51327,26184,25143,8654,4413,4241,9718,4960,4758,23993,12235,11758,6089,3110,2979,2873,1466,1407
2041,113,Dallas County,1,1 yr,50628,25781,24847,8413,4289,4124,9667,4916,4751,23824,12138,11686,5944,3023,2921,2780,1415,1365
2041,113,Dallas County,2,2 yrs,50187,25565,24622,8217,4190,4027,9702,4937,4765,23751,12094,11657,5813,2962,2851,2704,1382,1322
2041,113,Dallas County,3,3 yrs,49761,25312,24449,8032,4094,3938,9734,4942,4792,23681,12051,11630,5684,2884,2800,2630,1341,1289
2041,113,Dallas County,4,4 yrs,49357,25111,24246,7860,4008,3852,9773,4964,4809,23611,12008,11603,5555,2822,2733,2558,1309,1249
2041,113,Dallas County,5,5 yrs,48979,24881,24098,7708,3929,3779,9820,4974,4846,23539,11964,11575,5422,2743,2679,2490,1271,1219
2041,113,Dallas County,6,6 yrs,48618,24680,23938,7600,3870,3730,9856,5001,4855,23431,11883,11548,5301,2686,2615,2430,1240,1190
2041,113,Dallas County,7,7 yrs,48283,24452,23831,7509,3819,3690,9903,5016,4887,23321,11803,11518,5183,2616,2567,2367,1198,1169
2041,113,Dallas County,8,8 yrs,47949,24266,23683,7431,3775,3656,9957,5049,4908,23189,11713,11476,5061,2559,2502,2311,1170,1141
2041,113,Dallas County,9,9 yrs,47632,24048,23584,7369,3740,3629,10022,5073,4949,23050,11618,11432,4931,2481,2450,2260,1136,1124
2041,113,Dallas County,10,10 yrs,47331,23881,23450,7325,3714,3611,10088,5115,4973,22888,11513,11375,4817,2428,2389,2213,1111,1102
2041,113,Dallas County,11,11 yrs,47069,23737,23332,7302,3695,3607,10028,5077,4951,22823,11496,11327,4772,2396,2376,2144,1073,1071
2041,113,Dallas County,12,12 yrs,46799,23632,23167,7306,3690,3616,9963,5053,4910,22719,11461,11258,4732,2385,2347,2079,1043,1036
2041,113,Dallas County,13,13 yrs,46530,23483,23047,7335,3698,3637,9886,5006,4880,22581,11405,11176,4705,2365,2340,2023,1009,1014
2041,113,Dallas County,14,14 yrs,46228,23358,22870,7371,3710,3661,9812,4975,4837,22398,11328,11070,4686,2366,2320,1961,979,982
2041,113,Dallas County,15,15 yrs,45885,23173,22712,7440,3750,3690,9709,4913,4796,22157,11215,10942,4675,2349,2326,1904,946,958
2041,113,Dallas County,16,16 yrs,46763,23589,23174,7887,3962,3925,9761,4940,4821,22202,11208,10994,5022,2542,2480,1891,937,954
2041,113,Dallas County,17,17 yrs,47335,23782,23553,8260,4122,4138,9695,4884,4811,22162,11159,11003,5371,2713,2658,1847,904,943
2041,113,Dallas County,18,18 yrs,46331,23343,22988,8021,4049,3972,9260,4698,4562,21657,10882,10775,5582,2833,2749,1811,881,930
2041,113,Dallas County,19,19 yrs,44485,22359,22126,7414,3701,3713,8828,4485,4343,20755,10424,10331,5708,2893,2815,1780,856,924
2041,113,Dallas County,20,20 yrs,45553,22819,22734,7794,3886,3908,8932,4522,4410,20905,10433,10472,6135,3127,3008,1787,851,936
2041,113,Dallas County,21,21 yrs,46787,23252,23535,8273,4110,4163,9348,4684,4664,20719,10275,10444,6605,3312,3293,1842,871,971
2041,113,Dallas County,22,22 yrs,48426,23893,24533,8979,4444,4535,9828,4900,4928,20575,10114,10461,7133,3527,3606,1911,908,1003
2041,113,Dallas County,23,23 yrs,50601,24787,25814,10064,4964,5100,10266,5082,5184,20473,10002,10471,7819,3814,4005,1979,925,1054
2041,113,Dallas County,24,24 yrs,52524,25646,26878,10952,5425,5527,10648,5246,5402,20458,9940,10518,8412,4077,4335,2054,958,1096
2041,113,Dallas County,25,25 yrs,54486,26422,28064,11858,5884,5974,11085,5420,5665,20390,9852,10538,9041,4293,4748,2112,973,1139
2041,113,Dallas County,26,26 yrs,54585,26519,28066,12021,5995,6026,11240,5498,5742,20085,9661,10424,9150,4407,4743,2089,958,1131
2041,113,Dallas County,27,27 yrs,54334,26345,27989,11966,6005,5961,11337,5518,5819,19763,9447,10316,9214,4441,4773,2054,934,1120
2041,113,Dallas County,28,28 yrs,54192,26336,27856,12041,6095,5946,11380,5553,5827,19481,9262,10219,9276,4511,4765,2014,915,1099
2041,113,Dallas County,29,29 yrs,53716,26007,27709,11883,6020,5863,11404,5531,5873,19172,9059,10113,9288,4516,4772,1969,881,1088
2041,113,Dallas County,30,30 yrs,53278,25781,27497,11844,6032,5812,11399,5522,5877,18905,8887,10018,9199,4471,4728,1931,869,1062
2041,113,Dallas County,31,31 yrs,51104,24755,26349,9015,4672,4343,11760,5720,6040,20177,9353,10824,8330,4195,4135,1822,815,1007
2041,113,Dallas County,32,32 yrs,51207,24637,26570,8827,4508,4319,12116,5836,6280,20180,9466,10714,8300,4069,4231,1784,758,1026
2041,113,Dallas County,33,33 yrs,52213,25321,26892,8907,4533,4374,12467,6168,6299,20650,9704,10946,8354,4095,4259,1835,821,1014
2041,113,Dallas County,34,34 yrs,51188,24827,26361,8725,4570,4155,12656,6302,6354,20267,9463,10804,7959,3826,4133,1581,666,915
2041,113,Dallas County,35,35 yrs,50038,24075,25963,8419,4375,4044,12648,6171,6477,19594,9012,10582,7809,3825,3984,1568,692,876
2041,113,Dallas County,36,36 yrs,48549,23309,25240,8354,4332,4022,12313,5990,6323,19002,8709,10293,7506,3670,3836,1374,608,766
2041,113,Dallas County,37,37 yrs,47380,22816,24564,8198,4234,3964,12136,5837,6299,18303,8406,9897,7381,3731,3650,1362,608,754
2041,113,Dallas County,38,38 yrs,46177,22061,24116,7954,4148,3806,11955,5755,6200,17831,8141,9690,7154,3424,3730,1283,593,690
2041,113,Dallas County,39,39 yrs,46328,22185,24143,8079,4191,3888,12224,5927,6297,18189,8338,9851,6663,3179,3484,1173,550,623
2041,113,Dallas County,40,40 yrs,46305,22237,24068,8195,4328,3867,12103,5900,6203,17827,8116,9711,6998,3376,3622,1182,517,665
2041,113,Dallas County,41,41 yrs,45314,21493,23821,8201,4225,3976,12417,5911,6506,17148,7840,9308,6385,2962,3423,1163,555,608
2041,113,Dallas County,42,42 yrs,43541,20662,22879,8265,4289,3976,11939,5736,6203,16294,7278,9016,5869,2855,3014,1174,504,670
2041,113,Dallas County,43,43 yrs,42883,20446,22437,8308,4300,4008,12078,5879,6199,15681,7023,8658,5625,2715,2910,1191,529,662
2041,113,Dallas County,44,44 yrs,42844,20163,22681,8717,4479,4238,12164,5788,6376,15288,6884,8404,5580,2526,3054,1095,486,609
2041,113,Dallas County,45,45 yrs,42763,20227,22536,8658,4424,4234,12245,5975,6270,15153,6676,8477,5580,2624,2956,1127,528,599
2041,113,Dallas County,46,46 yrs,43697,20940,22757,9022,4672,4350,12951,6212,6739,14940,6796,8144,5623,2736,2887,1161,524,637
2041,113,Dallas County,47,47 yrs,43065,20365,22700,8858,4575,4283,12911,6166,6745,14663,6629,8034,5570,2520,3050,1063,475,588
2041,113,Dallas County,48,48 yrs,42410,20088,22322,8579,4423,4156,13416,6382,7034,14618,6631,7987,4752,2216,2536,1045,436,609
2041,113,Dallas County,49,49 yrs,41881,19977,21904,8821,4487,4334,12782,6181,6601,14368,6576,7792,4997,2324,2673,913,409,504
2041,113,Dallas County,50,50 yrs,42370,20278,22092,9041,4614,4427,12609,5990,6619,14661,6738,7923,5120,2500,2620,939,436,503
2041,113,Dallas County,51,51 yrs,41615,20017,21598,9140,4726,4414,11983,5568,6415,14386,6813,7573,5210,2500,2710,896,410,486
2041,113,Dallas County,52,52 yrs,40181,19250,20931,8881,4375,4506,11026,5119,5907,14121,6903,7218,5380,2516,2864,773,337,436
2041,113,Dallas County,53,53 yrs,40514,19721,20793,9474,4659,4815,10350,4717,5633,14622,7161,7461,5288,2841,2447,780,343,437
2041,113,Dallas County,54,54 yrs,40287,19200,21087,9831,4750,5081,9758,4435,5323,14758,7260,7498,5208,2462,2746,732,293,439
2041,113,Dallas County,55,55 yrs,40845,19341,21504,10221,4916,5305,9558,4171,5387,14829,7262,7567,5480,2617,2863,757,375,382
2041,113,Dallas County,56,56 yrs,38831,18745,20086,9698,4680,5018,8736,3887,4849,14696,7253,7443,5035,2623,2412,666,302,364
2041,113,Dallas County,57,57 yrs,38631,18347,20284,9333,4663,4670,8381,3695,4686,14733,7216,7517,5549,2460,3089,635,313,322
2041,113,Dallas County,58,58 yrs,39716,18841,20875,9375,4681,4694,8459,3661,4798,15580,7614,7966,5618,2565,3053,684,320,364
2041,113,Dallas County,59,59 yrs,38480,18468,20012,8944,4460,4484,8048,3494,4554,15556,7717,7839,5286,2485,2801,646,312,334
2041,113,Dallas County,60,60 yrs,38187,18080,20107,8696,4314,4382,8025,3429,4596,15982,7892,8090,4969,2191,2778,515,254,261
2041,113,Dallas County,61,61 yrs,37836,18129,19707,8123,4091,4032,7811,3293,4518,16307,8084,8223,5016,2373,2643,579,288,291
2041,113,Dallas County,62,62 yrs,34328,16541,17787,7307,3677,3630,7111,3033,4078,14977,7461,7516,4449,2129,2320,484,241,243
2041,113,Dallas County,63,63 yrs,33821,16217,17604,7039,3504,3535,6649,2757,3892,15470,7709,7761,4214,2052,2162,449,195,254
2041,113,Dallas County,64,64 yrs,32737,15460,17277,6761,3423,3338,6448,2642,3806,15052,7270,7782,4028,1916,2112,448,209,239
2041,113,Dallas County,65,65 yrs,32291,15101,17190,6474,3216,3258,6065,2433,3632,14973,7188,7785,4363,2059,2304,416,205,211
2041,113,Dallas County,66,66 yrs,32243,15397,16846,6561,3281,3280,6001,2477,3524,15196,7424,7772,4089,2027,2062,396,188,208
2041,113,Dallas County,67,67 yrs,29812,13956,15856,6151,3020,3131,5756,2318,3438,13859,6622,7237,3736,1848,1888,310,148,162
2041,113,Dallas County,68,68 yrs,29380,13919,15461,6255,3138,3117,5821,2381,3440,13484,6530,6954,3449,1690,1759,371,180,191
2041,113,Dallas County,69,69 yrs,28916,13625,15291,6487,3192,3295,5884,2412,3472,12981,6209,6772,3247,1659,1588,317,153,164
2041,113,Dallas County,70,70 yrs,28380,13235,15145,6894,3399,3495,5916,2371,3545,12189,5760,6429,3062,1564,1498,319,141,178
2041,113,Dallas County,71,71 yrs,27711,12933,14778,6818,3342,3476,5634,2248,3386,12148,5855,6293,2818,1347,1471,293,141,152
2041,113,Dallas County,72,72 yrs,24882,11828,13054,6283,3061,3222,5079,2113,2966,10701,5233,5468,2574,1309,1265,245,112,133
2041,113,Dallas County,73,73 yrs,23919,11133,12786,6040,2895,3145,5110,2064,3046,10222,4911,5311,2293,1149,1144,254,114,140
2041,113,Dallas County,74,74 yrs,22531,10395,12136,5919,2857,3062,4886,1946,2940,9523,4587,4936,2002,913,1089,201,92,109
2041,113,Dallas County,75,75 yrs,21968,10076,11892,5902,2801,3101,4986,1952,3034,8995,4332,4663,1890,907,983,195,84,111
2041,113,Dallas County,76,76 yrs,22161,10198,11963,6445,3090,3355,5117,1993,3124,8543,4136,4407,1846,896,950,210,83,127
2041,113,Dallas County,77,77 yrs,20814,9502,11312,6574,3045,3529,4692,1804,2888,7584,3704,3880,1785,873,912,179,76,103
2041,113,Dallas County,78,78 yrs,19935,8824,11111,6722,3096,3626,4438,1653,2785,6962,3228,3734,1647,783,864,166,64,102
2041,113,Dallas County,79,79 yrs,18628,8173,10455,6672,2990,3682,4184,1586,2598,6208,2874,3334,1435,676,759,129,47,82
2041,113,Dallas County,80,80 yrs,17932,7874,10058,6443,2891,3552,4039,1509,2530,5890,2726,3164,1430,704,726,130,44,86
2041,113,Dallas County,81,81 yrs,17099,7430,9669,6326,2790,3536,3864,1445,2419,5417,2517,2900,1378,635,743,114,43,71
2041,113,Dallas County,82,82 yrs,15407,6517,8890,5937,2608,3329,3473,1246,2227,4699,2097,2602,1208,536,672,90,30,60
2041,113,Dallas County,83,83 yrs,14411,6036,8375,5750,2496,3254,3246,1164,2082,4154,1816,2338,1174,531,643,87,29,58
2041,113,Dallas County,84,84 yrs,13204,5399,7805,5331,2243,3088,2972,1017,1955,3728,1612,2116,1102,506,596,71,21,50
2041,113,Dallas County,85,85 yrs,11876,4817,7059,4955,2107,2848,2619,882,1737,3301,1406,1895,942,403,539,59,19,40
2041,113,Dallas County,86,86 yrs,10649,4275,6374,4592,1901,2691,2318,768,1550,2835,1205,1630,852,387,465,52,14,38
2041,113,Dallas County,87,87 yrs,9034,3472,5562,3997,1564,2433,1918,615,1303,2305,946,1359,770,335,435,44,12,32
2041,113,Dallas County,88,88 yrs,8106,3094,5012,3622,1423,2199,1712,534,1178,1976,805,1171,753,322,431,43,10,33
2041,113,Dallas County,89,89 yrs,6859,2514,4345,3095,1169,1926,1510,440,1070,1634,638,996,586,258,328,34,9,25
2041,113,Dallas County,90,90 yrs,5951,2168,3783,2591,976,1615,1350,382,968,1408,561,847,576,242,334,26,7,19
2041,113,Dallas County,91,91 yrs,4987,1768,3219,2229,807,1422,1102,307,795,1116,428,688,517,221,296,23,5,18
2041,113,Dallas County,92,92 yrs,4127,1444,2683,1879,665,1214,929,255,674,899,348,551,402,172,230,18,4,14
2041,113,Dallas County,93,93 yrs,3474,1158,2316,1668,565,1103,772,209,563,706,251,455,313,129,184,15,4,11
2041,113,Dallas County,94,94 yrs,2727,885,1842,1371,454,917,558,139,419,547,189,358,240,100,140,11,3,8
2041,113,Dallas County,95,95+ yrs,6655,2041,4614,2849,834,2015,1499,347,1152,1445,512,933,840,344,496,22,4,18
2042,113,Dallas County,-1,All Ages,3557757,1716327,1841430,723049,357528,365521,801893,376371,425522,1453029,701469,751560,470018,228938,241080,109768,52021,57747
2042,113,Dallas County,0,< 1 yr,51859,26433,25426,8767,4471,4296,9757,4972,4785,24029,12254,11775,6343,3229,3114,2963,1507,1456
2042,113,Dallas County,1,1 yr,51151,26070,25081,8529,4348,4181,9708,4946,4762,23849,12151,11698,6194,3160,3034,2871,1465,1406
2042,113,Dallas County,2,2 yrs,50688,25799,24889,8331,4247,4084,9736,4947,4789,23770,12104,11666,6058,3078,2980,2793,1423,1370
2042,113,Dallas County,3,3 yrs,50237,25575,24662,8135,4148,3987,9767,4965,4802,23695,12058,11637,5923,3014,2909,2717,1390,1327
2042,113,Dallas County,4,4 yrs,49809,25320,24489,7951,4053,3898,9802,4971,4831,23624,12014,11610,5789,2933,2856,2643,1349,1294
2042,113,Dallas County,5,5 yrs,49400,25117,24283,7780,3967,3813,9842,4994,4848,23553,11971,11582,5655,2868,2787,2570,1317,1253
2042,113,Dallas County,6,6 yrs,49014,24862,24152,7654,3897,3757,9873,5001,4872,23451,11895,11556,5529,2794,2735,2507,1275,1232
2042,113,Dallas County,7,7 yrs,48648,24659,23989,7546,3839,3707,9910,5028,4882,23342,11813,11529,5405,2736,2669,2445,1243,1202
2042,113,Dallas County,8,8 yrs,48313,24430,23883,7456,3788,3668,9957,5043,4914,23231,11733,11498,5285,2664,2621,2384,1202,1182
2042,113,Dallas County,9,9 yrs,47975,24242,23733,7377,3744,3633,10012,5077,4935,23099,11643,11456,5161,2606,2555,2326,1172,1154
2042,113,Dallas County,10,10 yrs,47651,24022,23629,7315,3709,3606,10075,5100,4975,22960,11549,11411,5028,2526,2502,2273,1138,1135
2042,113,Dallas County,11,11 yrs,47375,23911,23464,7272,3680,3592,10006,5074,4932,22917,11543,11374,4978,2509,2469,2202,1105,1097
2042,113,Dallas County,12,12 yrs,47109,23766,23343,7248,3661,3587,9947,5037,4910,22852,11526,11326,4930,2476,2454,2132,1066,1066
2042,113,Dallas County,13,13 yrs,46833,23659,23174,7252,3656,3596,9879,5012,4867,22745,11489,11256,4889,2465,2424,2068,1037,1031
2042,113,Dallas County,14,14 yrs,46561,23506,23055,7279,3663,3616,9801,4963,4838,22607,11434,11173,4861,2443,2418,2013,1003,1010
2042,113,Dallas County,15,15 yrs,46239,23379,22860,7332,3697,3635,9717,4926,4791,22403,11342,11061,4837,2442,2395,1950,972,978
2042,113,Dallas County,16,16 yrs,47147,23757,23390,7771,3902,3869,9777,4939,4838,22469,11343,11126,5199,2620,2579,1931,953,978
2042,113,Dallas County,17,17 yrs,47731,24000,23731,8133,4057,4076,9719,4903,4816,22443,11299,11144,5546,2812,2734,1890,929,961
2042,113,Dallas County,18,18 yrs,46733,23526,23207,7900,3989,3911,9289,4708,4581,21937,11021,10916,5751,2910,2841,1856,898,958
2042,113,Dallas County,19,19 yrs,44941,22609,22332,7308,3649,3659,8872,4510,4362,21039,10568,10471,5904,3005,2899,1818,877,941
2042,113,Dallas County,20,20 yrs,46014,23028,22986,7686,3831,3855,8981,4542,4439,21184,10572,10612,6338,3220,3118,1825,863,962
2042,113,Dallas County,21,21 yrs,47218,23491,23727,8165,4060,4105,9408,4720,4688,20969,10399,10570,6788,3415,3373,1888,897,991
2042,113,Dallas County,22,22 yrs,48912,24115,24797,8879,4396,4483,9898,4927,4971,20817,10233,10584,7362,3630,3732,1956,929,1027
2042,113,Dallas County,23,23 yrs,51052,25033,26019,9959,4912,5047,10351,5129,5222,20692,10110,10582,8022,3928,4094,2028,954,1074
2042,113,Dallas County,24,24 yrs,53010,25870,27140,10868,5385,5483,10748,5293,5455,20643,10033,10610,8645,4180,4465,2106,979,1127
2042,113,Dallas County,25,25 yrs,54972,26680,28292,11792,5851,5941,11193,5477,5716,20528,9919,10609,9292,4430,4862,2167,1003,1164
2042,113,Dallas County,26,26 yrs,55114,26750,28364,11971,5975,5996,11365,5553,5812,20197,9710,10487,9430,4530,4900,2151,982,1169
2042,113,Dallas County,27,27 yrs,54936,26652,28284,11946,5997,5949,11502,5605,5897,19846,9489,10357,9522,4594,4928,2120,967,1153
2042,113,Dallas County,28,28 yrs,54847,26635,28212,12034,6093,5941,11575,5643,5932,19539,9293,10246,9616,4664,4952,2083,942,1141
2042,113,Dallas County,29,29 yrs,54426,26379,28047,11889,6022,5867,11629,5654,5975,19221,9081,10140,9652,4708,4944,2035,914,1121
2042,113,Dallas County,30,30 yrs,54001,26115,27886,11850,6037,5813,11632,5626,6006,18931,8898,10033,9582,4658,4924,2006,896,1110
2042,113,Dallas County,31,31 yrs,53366,25816,27550,11730,5972,5758,11561,5606,5955,18704,8754,9950,9437,4613,4824,1934,871,1063
2042,113,Dallas County,32,32 yrs,50958,24643,26315,8876,4605,4271,11892,5798,6094,19929,9189,10740,8449,4241,4208,1812,810,1002
2042,113,Dallas County,33,33 yrs,51072,24533,26539,8689,4443,4246,12261,5913,6348,19910,9285,10625,8426,4132,4294,1786,760,1026
2042,113,Dallas County,34,34 yrs,51977,25174,26803,8754,4452,4302,12594,6248,6346,20352,9517,10835,8447,4135,4312,1830,822,1008
2042,113,Dallas County,35,35 yrs,50965,24668,26297,8562,4483,4079,12789,6377,6412,19998,9292,10706,8043,3855,4188,1573,661,912
2042,113,Dallas County,36,36 yrs,49861,23931,25930,8303,4309,3994,12678,6180,6498,19411,8894,10517,7902,3854,4048,1567,694,873
2042,113,Dallas County,37,37 yrs,48388,23168,25220,8243,4271,3972,12345,5999,6346,18830,8593,10237,7599,3698,3901,1371,607,764
2042,113,Dallas County,38,38 yrs,47190,22659,24531,8084,4171,3913,12153,5836,6317,18126,8288,9838,7469,3757,3712,1358,607,751
2042,113,Dallas County,39,39 yrs,45987,21918,24069,7847,4091,3756,11964,5752,6212,17657,8034,9623,7239,3447,3792,1280,594,686
2042,113,Dallas County,40,40 yrs,46146,22043,24103,7958,4126,3832,12254,5940,6314,18024,8227,9797,6742,3201,3541,1168,549,619
2042,113,Dallas County,41,41 yrs,46283,22180,24103,8136,4290,3846,12061,5870,6191,17798,8085,9713,7113,3425,3688,1175,510,665
2042,113,Dallas County,42,42 yrs,45269,21429,23840,8135,4182,3953,12360,5879,6481,17124,7813,9311,6490,3004,3486,1160,551,609
2042,113,Dallas County,43,43 yrs,43473,20588,22885,8202,4249,3953,11884,5707,6177,16259,7243,9016,5963,2893,3070,1165,496,669
2042,113,Dallas County,44,44 yrs,42812,20369,22443,8242,4260,3982,12019,5842,6177,15656,6994,8662,5714,2751,2963,1181,522,659
2042,113,Dallas County,45,45 yrs,42776,20099,22677,8639,4437,4202,12113,5762,6351,15262,6857,8405,5673,2563,3110,1089,480,609
2042,113,Dallas County,46,46 yrs,42791,20200,22591,8616,4400,4216,12177,5938,6239,15183,6673,8510,5695,2665,3030,1120,524,596
2042,113,Dallas County,47,47 yrs,43737,20925,22812,8979,4647,4332,12905,6192,6713,14967,6790,8177,5738,2779,2959,1148,517,631
2042,113,Dallas County,48,48 yrs,43090,20345,22745,8814,4551,4263,12843,6134,6709,14693,6629,8064,5685,2560,3125,1055,471,584
2042,113,Dallas County,49,49 yrs,42392,20041,22351,8532,4395,4137,13334,6339,6995,14642,6626,8016,4848,2250,2598,1036,431,605
2042,113,Dallas County,50,50 yrs,41875,19949,21926,8757,4451,4306,12717,6155,6562,14400,6578,7822,5097,2360,2737,904,405,499
2042,113,Dallas County,51,51 yrs,42284,20228,22056,8958,4573,4385,12525,5942,6583,14666,6733,7933,5206,2543,2663,929,437,492
2042,113,Dallas County,52,52 yrs,41507,19951,21556,9050,4680,4370,11897,5520,6377,14381,6800,7581,5295,2541,2754,884,410,474
2042,113,Dallas County,53,53 yrs,40065,19175,20890,8790,4330,4460,10934,5065,5869,14114,6889,7225,5467,2556,2911,760,335,425
2042,113,Dallas County,54,54 yrs,40393,19652,20741,9377,4610,4767,10268,4671,5597,14607,7143,7464,5370,2884,2486,771,344,427
2042,113,Dallas County,55,55 yrs,40262,19152,21110,9774,4705,5069,9699,4396,5303,14770,7257,7513,5295,2501,2794,724,293,431
2042,113,Dallas County,56,56 yrs,40703,19228,21475,10105,4857,5248,9475,4123,5352,14818,7238,7580,5562,2643,2919,743,367,376
2042,113,Dallas County,57,57 yrs,38661,18625,20036,9578,4620,4958,8640,3832,4808,14679,7226,7453,5111,2652,2459,653,295,358
2042,113,Dallas County,58,58 yrs,38466,18223,20243,9212,4600,4612,8284,3640,4644,14713,7190,7523,5635,2487,3148,622,306,316
2042,113,Dallas County,59,59 yrs,39530,18705,20825,9252,4616,4636,8357,3605,4752,15548,7581,7967,5702,2590,3112,671,313,358
2042,113,Dallas County,60,60 yrs,38290,18336,19954,8824,4399,4425,7945,3438,4507,15521,7682,7839,5367,2512,2855,633,305,328
2042,113,Dallas County,61,61 yrs,37743,17834,19909,8494,4206,4288,7869,3343,4526,15835,7809,8026,5036,2228,2808,509,248,261
2042,113,Dallas County,62,62 yrs,37378,17878,19500,7927,3986,3941,7650,3207,4443,16144,7989,8155,5084,2413,2671,573,283,290
2042,113,Dallas County,63,63 yrs,33885,16303,17582,7125,3580,3545,6956,2951,4005,14823,7373,7450,4506,2165,2341,475,234,241
2042,113,Dallas County,64,64 yrs,33358,15973,17385,6858,3407,3451,6496,2680,3816,15291,7607,7684,4270,2088,2182,443,191,252
2042,113,Dallas County,65,65 yrs,32276,15219,17057,6576,3322,3254,6299,2566,3733,14880,7178,7702,4079,1948,2131,442,205,237
2042,113,Dallas County,66,66 yrs,31704,14786,16918,6312,3125,3187,5945,2377,3568,14743,7052,7691,4304,2035,2269,400,197,203
2042,113,Dallas County,67,67 yrs,31608,15047,16561,6389,3184,3205,5874,2418,3456,14943,7267,7676,4022,1997,2025,380,181,199
2042,113,Dallas County,68,68 yrs,29184,13616,15568,5982,2926,3056,5627,2259,3368,13617,6476,7141,3661,1813,1848,297,142,155
2042,113,Dallas County,69,69 yrs,28705,13543,15162,6074,3035,3039,5681,2313,3368,13224,6369,6855,3372,1653,1719,354,173,181
2042,113,Dallas County,70,70 yrs,28233,13251,14982,6293,3083,3210,5737,2344,3393,12724,6055,6669,3175,1622,1553,304,147,157
2042,113,Dallas County,71,71 yrs,27787,12890,14897,6722,3297,3425,5770,2298,3472,11960,5618,6342,3033,1546,1487,302,131,171
2042,113,Dallas County,72,72 yrs,27087,12562,14525,6637,3236,3401,5484,2170,3314,11910,5704,6206,2780,1322,1458,276,130,146
2042,113,Dallas County,73,73 yrs,24253,11454,12799,6108,2959,3149,4924,2033,2891,10461,5079,5382,2530,1280,1250,230,103,127
2042,113,Dallas County,74,74 yrs,23284,10758,12526,5858,2789,3069,4955,1985,2970,9981,4758,5223,2252,1121,1131,238,105,133
2042,113,Dallas County,75,75 yrs,21870,10015,11855,5728,2747,2981,4725,1864,2861,9268,4432,4836,1962,888,1074,187,84,103
2042,113,Dallas County,76,76 yrs,21252,9690,11562,5693,2688,3005,4769,1848,2921,8750,4183,4567,1862,897,965,178,74,104
2042,113,Dallas County,77,77 yrs,21358,9769,11589,6198,2955,3243,4877,1878,2999,8281,3981,4300,1811,882,929,191,73,118
2042,113,Dallas County,78,78 yrs,19996,9063,10933,6300,2899,3401,4467,1697,2770,7326,3545,3781,1740,855,885,163,67,96
2042,113,Dallas County,79,79 yrs,19072,8377,10695,6422,2939,3483,4200,1550,2650,6698,3073,3625,1602,759,843,150,56,94
2042,113,Dallas County,80,80 yrs,17737,7718,10019,6345,2822,3523,3943,1476,2467,5940,2722,3218,1392,657,735,117,41,76
2042,113,Dallas County,81,81 yrs,17151,7469,9682,6146,2735,3411,3840,1411,2429,5670,2608,3062,1378,676,702,117,39,78
2042,113,Dallas County,82,82 yrs,16259,6999,9260,5995,2620,3375,3657,1344,2313,5189,2394,2795,1317,604,713,101,37,64
2042,113,Dallas County,83,83 yrs,14578,6101,8477,5596,2434,3162,3274,1153,2121,4475,1981,2494,1154,508,646,79,25,54
2042,113,Dallas County,84,84 yrs,13559,5609,7950,5388,2314,3074,3045,1069,1976,3932,1699,2233,1117,502,615,77,25,52
2042,113,Dallas County,85,85 yrs,12330,4976,7354,4961,2062,2899,2768,925,1843,3499,1498,2001,1040,473,567,62,18,44
2042,113,Dallas County,86,86 yrs,11028,4421,6607,4571,1919,2652,2422,801,1621,3075,1297,1778,906,387,519,54,17,37
2042,113,Dallas County,87,87 yrs,9796,3878,5918,4194,1710,2484,2130,690,1440,2611,1098,1513,814,368,446,47,12,35
2042,113,Dallas County,88,88 yrs,8224,3118,5106,3609,1388,2221,1748,549,1199,2103,856,1247,724,314,410,40,11,29
2042,113,Dallas County,89,89 yrs,7293,2735,4558,3228,1247,1981,1536,463,1073,1785,718,1067,706,299,407,38,8,30
2042,113,Dallas County,90,90 yrs,6098,2193,3905,2725,1008,1717,1349,380,969,1451,559,892,543,238,305,30,8,22
2042,113,Dallas County,91,91 yrs,5217,1865,3352,2238,824,1414,1190,324,866,1232,488,744,534,223,311,23,6,17
2042,113,Dallas County,92,92 yrs,4297,1494,2803,1892,668,1224,956,260,696,962,364,598,468,198,270,19,4,15
2042,113,Dallas County,93,93 yrs,3504,1197,2307,1563,536,1027,806,216,590,759,290,469,360,151,209,16,4,12
2042,113,Dallas County,94,94 yrs,2861,928,1933,1350,440,910,640,166,474,588,206,382,272,113,159,11,3,8
2042,113,Dallas County,95,95+ yrs,7307,2255,5052,3159,939,2220,1628,379,1249,1575,556,1019,919,376,543,26,5,21
2043,113,Dallas County,-1,All Ages,3596380,1733960,1862420,721236,356816,364420,807856,379478,428378,1465437,706141,759296,488749,237931,250818,113102,53594,59508
2043,113,Dallas County,0,< 1 yr,52403,26731,25672,8876,4526,4350,9797,4998,4799,24068,12274,11794,6607,3374,3233,3055,1559,1496
2043,113,Dallas County,1,1 yr,51681,26318,25363,8640,4405,4235,9746,4957,4789,23882,12168,11714,6453,3282,3171,2960,1506,1454
2043,113,Dallas County,2,2 yrs,51209,26086,25123,8444,4305,4139,9775,4975,4800,23790,12114,11676,6315,3218,3097,2885,1474,1411
2043,113,Dallas County,3,3 yrs,50734,25807,24927,8248,4205,4043,9801,4975,4826,23710,12066,11644,6171,3131,3040,2804,1430,1374
2043,113,Dallas County,4,4 yrs,50280,25581,24699,8053,4106,3947,9832,4993,4839,23634,12019,11615,6032,3065,2967,2729,1398,1331
2043,113,Dallas County,5,5 yrs,49850,25325,24525,7871,4012,3859,9867,4999,4868,23562,11975,11587,5894,2982,2912,2656,1357,1299
2043,113,Dallas County,6,6 yrs,49437,25097,24340,7726,3935,3791,9894,5020,4874,23462,11900,11562,5768,2922,2846,2587,1320,1267
2043,113,Dallas County,7,7 yrs,49048,24844,24204,7600,3866,3734,9926,5028,4898,23359,11824,11535,5639,2847,2792,2524,1279,1245
2043,113,Dallas County,8,8 yrs,48677,24637,24040,7491,3807,3684,9963,5055,4908,23250,11742,11508,5511,2786,2725,2462,1247,1215
2043,113,Dallas County,9,9 yrs,48334,24406,23928,7400,3756,3644,10010,5070,4940,23136,11661,11475,5389,2714,2675,2399,1205,1194
2043,113,Dallas County,10,10 yrs,47994,24216,23778,7323,3713,3610,10064,5103,4961,23005,11571,11434,5261,2654,2607,2341,1175,1166
2043,113,Dallas County,11,11 yrs,47695,24054,23641,7263,3676,3587,9990,5058,4932,22984,11577,11407,5196,2611,2585,2262,1132,1130
2043,113,Dallas County,12,12 yrs,47412,23939,23473,7219,3647,3572,9921,5032,4889,22941,11570,11371,5141,2592,2549,2190,1098,1092
2043,113,Dallas County,13,13 yrs,47143,23792,23351,7194,3627,3567,9861,4995,4866,22874,11552,11322,5093,2558,2535,2121,1060,1061
2043,113,Dallas County,14,14 yrs,46860,23681,23179,7196,3621,3575,9790,4968,4822,22767,11515,11252,5050,2546,2504,2057,1031,1026
2043,113,Dallas County,15,15 yrs,46574,23530,23044,7240,3650,3590,9705,4914,4791,22609,11447,11162,5017,2522,2495,2003,997,1006
2043,113,Dallas County,16,16 yrs,47508,23967,23541,7656,3846,3810,9782,4950,4832,22714,11469,11245,5379,2723,2656,1977,979,998
2043,113,Dallas County,17,17 yrs,48127,24176,23951,8012,3996,4016,9733,4901,4832,22709,11433,11276,5742,2900,2842,1931,946,985
2043,113,Dallas County,18,18 yrs,47175,23766,23409,7783,3929,3854,9318,4728,4590,22222,11163,11059,5952,3023,2929,1900,923,977
2043,113,Dallas County,19,19 yrs,45397,22820,22577,7204,3598,3606,8905,4523,4382,21325,10709,10616,6098,3095,3003,1865,895,970
2043,113,Dallas County,20,20 yrs,46483,23285,23198,7576,3777,3799,9021,4565,4456,21467,10715,10752,6554,3344,3210,1865,884,981
2043,113,Dallas County,21,21 yrs,47685,23703,23982,8051,4003,4048,9457,4739,4718,21241,10535,10706,7008,3516,3492,1928,910,1018
2043,113,Dallas County,22,22 yrs,49337,24351,24986,8762,4342,4420,9955,4962,4993,21061,10354,10707,7556,3738,3818,2003,955,1048
2043,113,Dallas County,23,23 yrs,51537,25254,26283,9847,4859,4988,10421,5157,5264,20927,10225,10702,8268,4038,4230,2074,975,1099
2043,113,Dallas County,24,24 yrs,53466,26116,27350,10754,5329,5425,10833,5341,5492,20855,10136,10719,8866,4301,4565,2158,1009,1149
2043,113,Dallas County,25,25 yrs,55465,26907,28558,11698,5806,5892,11293,5525,5768,20707,10008,10699,9547,4544,5003,2220,1024,1196
2043,113,Dallas County,26,26 yrs,55596,27006,28590,11903,5941,5962,11473,5610,5863,20326,9773,10553,9688,4670,5018,2206,1012,1194
2043,113,Dallas County,27,27 yrs,55469,26887,28582,11892,5975,5917,11628,5661,5967,19952,9535,10417,9812,4723,5089,2185,993,1192
2043,113,Dallas County,28,28 yrs,55449,26942,28507,12010,6083,5927,11743,5731,6012,19616,9332,10284,9932,4821,5111,2148,975,1173
2043,113,Dallas County,29,29 yrs,55085,26681,28404,11880,6019,5861,11827,5746,6081,19271,9108,10163,10003,4867,5136,2104,941,1163
2043,113,Dallas County,30,30 yrs,54719,26491,28228,11854,6038,5816,11860,5750,6110,18975,8918,10057,9957,4856,5101,2073,929,1144
2043,113,Dallas County,31,31 yrs,54091,26152,27939,11735,5976,5759,11797,5711,6086,18725,8763,9962,9826,4804,5022,2008,898,1110
2043,113,Dallas County,32,32 yrs,53224,25713,27511,11561,5893,5668,11677,5677,6000,18471,8600,9871,9592,4677,4915,1923,866,1057
2043,113,Dallas County,33,33 yrs,50825,24541,26284,8739,4539,4200,12037,5876,6161,19660,9011,10649,8576,4304,4272,1813,811,1002
2043,113,Dallas County,34,34 yrs,50845,24388,26457,8538,4363,4175,12387,5990,6397,19621,9104,10517,8521,4171,4350,1778,760,1018
2043,113,Dallas County,35,35 yrs,51747,25015,26732,8590,4366,4224,12722,6320,6402,20080,9343,10737,8534,4169,4365,1821,817,1004
2043,113,Dallas County,36,36 yrs,50782,24517,26265,8444,4415,4029,12819,6388,6431,19806,9168,10638,8141,3883,4258,1572,663,909
2043,113,Dallas County,37,37 yrs,49699,23788,25911,8194,4249,3945,12707,6188,6519,19235,8775,10460,7998,3883,4115,1565,693,872
2043,113,Dallas County,38,38 yrs,48196,23005,25191,8130,4208,3922,12363,5997,6366,18645,8470,10175,7691,3723,3968,1367,607,760
2043,113,Dallas County,39,39 yrs,46995,22515,24480,7975,4114,3861,12161,5833,6328,17949,8178,9771,7556,3782,3774,1354,608,746
2043,113,Dallas County,40,40 yrs,45810,21778,24032,7727,4026,3701,11993,5763,6230,17493,7926,9567,7322,3469,3853,1275,594,681
2043,113,Dallas County,41,41 yrs,46120,21987,24133,7902,4090,3812,12211,5912,6299,17994,8196,9798,6852,3247,3605,1161,542,619
2043,113,Dallas County,42,42 yrs,46239,22114,24125,8070,4247,3823,12003,5834,6169,17769,8055,9714,7228,3473,3755,1169,505,664
2043,113,Dallas County,43,43 yrs,45204,21354,23850,8072,4142,3930,12300,5847,6453,17086,7777,9309,6596,3046,3550,1150,542,608
2043,113,Dallas County,44,44 yrs,43399,20510,22889,8137,4209,3928,11820,5669,6151,16229,7211,9018,6057,2931,3126,1156,490,666
2043,113,Dallas County,45,45 yrs,42742,20305,22437,8166,4219,3947,11968,5815,6153,15627,6965,8662,5808,2791,3017,1173,515,658
2043,113,Dallas County,46,46 yrs,42796,20069,22727,8596,4412,4184,12041,5725,6316,15288,6853,8435,5789,2603,3186,1082,476,606
2043,113,Dallas County,47,47 yrs,42833,20183,22650,8574,4376,4198,12129,5918,6211,15209,6665,8544,5813,2707,3106,1108,517,591
2043,113,Dallas County,48,48 yrs,43759,20905,22854,8936,4623,4313,12831,6157,6674,14996,6789,8207,5856,2824,3032,1140,512,628
2043,113,Dallas County,49,49 yrs,43086,20301,22785,8765,4522,4243,12760,6092,6668,14717,6623,8094,5799,2599,3200,1045,465,580
2043,113,Dallas County,50,50 yrs,42371,20004,22367,8468,4359,4109,13261,6308,6953,14671,6626,8045,4945,2284,2661,1026,427,599
2043,113,Dallas County,51,51 yrs,41776,19889,21887,8673,4410,4263,12627,6100,6527,14403,6572,7831,5180,2401,2779,893,406,487
2043,113,Dallas County,52,52 yrs,42171,20162,22009,8868,4528,4340,12435,5892,6543,14658,6719,7939,5292,2585,2707,918,438,480
2043,113,Dallas County,53,53 yrs,41385,19872,21513,8959,4633,4326,11798,5461,6337,14377,6787,7590,5381,2583,2798,870,408,462
2043,113,Dallas County,54,54 yrs,39948,19103,20845,8701,4285,4416,10842,5015,5827,14100,6871,7229,5554,2596,2958,751,336,415
2043,113,Dallas County,55,55 yrs,40370,19610,20760,9324,4566,4758,10204,4628,5576,14620,7141,7479,5457,2929,2528,765,346,419
2043,113,Dallas County,56,56 yrs,40118,19041,21077,9660,4648,5012,9610,4344,5266,14762,7235,7527,5376,2528,2848,710,286,424
2043,113,Dallas County,57,57 yrs,40543,19103,21440,9984,4796,5188,9378,4065,5313,14803,7212,7591,5649,2671,2978,729,359,370
2043,113,Dallas County,58,58 yrs,38484,18503,19981,9455,4557,4898,8539,3774,4765,14661,7201,7460,5189,2683,2506,640,288,352
2043,113,Dallas County,59,59 yrs,38291,18091,20200,9091,4536,4555,8184,3584,4600,14684,7159,7525,5722,2513,3209,610,299,311
2043,113,Dallas County,60,60 yrs,39339,18569,20770,9130,4553,4577,8250,3547,4703,15513,7547,7966,5788,2616,3172,658,306,352
2043,113,Dallas County,61,61 yrs,37858,18100,19758,8620,4291,4329,7792,3353,4439,15379,7602,7777,5442,2556,2886,625,298,327
2043,113,Dallas County,62,62 yrs,37284,17584,19700,8292,4099,4193,7709,3258,4451,15678,7718,7960,5102,2266,2836,503,243,260
2043,113,Dallas County,63,63 yrs,36908,17621,19287,7731,3880,3851,7484,3119,4365,15981,7896,8085,5147,2451,2696,565,275,290
2043,113,Dallas County,64,64 yrs,33420,16055,17365,6941,3481,3460,6795,2868,3927,14651,7275,7376,4563,2201,2362,470,230,240
2043,113,Dallas County,65,65 yrs,32899,15733,17166,6671,3307,3364,6344,2603,3741,15118,7511,7607,4327,2124,2203,439,188,251
2043,113,Dallas County,66,66 yrs,31686,14899,16787,6412,3229,3183,6174,2506,3668,14652,7043,7609,4022,1923,2099,426,198,228
2043,113,Dallas County,67,67 yrs,31087,14454,16633,6147,3033,3114,5819,2321,3498,14501,6904,7597,4236,2006,2230,384,190,194
2043,113,Dallas County,68,68 yrs,30949,14687,16262,6214,3087,3127,5745,2358,3387,14684,7109,7575,3943,1960,1983,363,173,190
2043,113,Dallas County,69,69 yrs,28521,13252,15269,5811,2831,2980,5492,2196,3296,13356,6316,7040,3579,1773,1806,283,136,147
2043,113,Dallas County,70,70 yrs,28025,13170,14855,5893,2932,2961,5537,2247,3290,12963,6212,6751,3294,1614,1680,338,165,173
2043,113,Dallas County,71,71 yrs,27649,12910,14739,6137,2992,3145,5596,2273,3323,12486,5906,6580,3144,1603,1541,286,136,150
2043,113,Dallas County,72,72 yrs,27161,12525,14636,6544,3193,3351,5615,2220,3395,11729,5475,6254,2990,1517,1473,283,120,163
2043,113,Dallas County,73,73 yrs,26409,12165,14244,6452,3129,3323,5319,2088,3231,11645,5536,6109,2735,1293,1442,258,119,139
2043,113,Dallas County,74,74 yrs,23611,11070,12541,5925,2852,3073,4773,1955,2818,10215,4922,5293,2483,1247,1236,215,94,121
2043,113,Dallas County,75,75 yrs,22598,10365,12233,5671,2683,2988,4788,1901,2887,9714,4596,5118,2204,1090,1114,221,95,126
2043,113,Dallas County,76,76 yrs,21165,9637,11528,5526,2637,2889,4518,1765,2753,9016,4280,4736,1934,880,1054,171,75,96
2043,113,Dallas County,77,77 yrs,20494,9288,11206,5477,2572,2905,4545,1741,2804,8485,4027,4458,1826,883,943,161,65,96
2043,113,Dallas County,78,78 yrs,20526,9322,11204,5941,2815,3126,4644,1767,2877,8003,3812,4191,1765,864,901,173,64,109
2043,113,Dallas County,79,79 yrs,19135,8612,10523,6019,2752,3267,4227,1593,2634,7047,3377,3670,1695,831,864,147,59,88
2043,113,Dallas County,80,80 yrs,18165,7915,10250,6107,2774,3333,3958,1442,2516,6411,2912,3499,1555,739,816,134,48,86
2043,113,Dallas County,81,81 yrs,16970,7325,9645,6056,2672,3384,3748,1380,2368,5718,2605,3113,1343,632,711,105,36,69
2043,113,Dallas County,82,82 yrs,16314,7041,9273,5828,2570,3258,3634,1313,2321,5432,2482,2950,1316,642,674,104,34,70
2043,113,Dallas County,83,83 yrs,15385,6555,8830,5653,2446,3207,3445,1243,2202,4940,2262,2678,1257,572,685,90,32,58
2043,113,Dallas County,84,84 yrs,13723,5672,8051,5247,2258,2989,3073,1059,2014,4234,1853,2381,1098,480,618,71,22,49
2043,113,Dallas County,85,85 yrs,12664,5171,7493,5015,2128,2887,2836,973,1863,3692,1580,2112,1054,469,585,67,21,46
2043,113,Dallas County,86,86 yrs,11458,4572,6886,4579,1879,2700,2561,841,1720,3260,1382,1878,1001,454,547,57,16,41
2043,113,Dallas County,87,87 yrs,10153,4014,6139,4177,1728,2449,2228,721,1507,2833,1182,1651,866,368,498,49,15,34
2043,113,Dallas County,88,88 yrs,8921,3487,5434,3787,1519,2268,1942,617,1325,2382,994,1388,766,346,420,44,11,33
2043,113,Dallas County,89,89 yrs,7405,2759,4646,3219,1217,2002,1570,477,1093,1901,764,1137,680,292,388,35,9,26
2043,113,Dallas County,90,90 yrs,6497,2395,4102,2842,1076,1766,1379,406,973,1586,630,956,656,276,380,34,7,27
2043,113,Dallas County,91,91 yrs,5346,1885,3461,2357,852,1505,1190,322,868,1271,486,785,503,219,284,25,6,19
2043,113,Dallas County,92,92 yrs,4504,1577,2927,1902,683,1219,1036,275,761,1063,415,648,485,200,285,18,4,14
2043,113,Dallas County,93,93 yrs,3654,1241,2413,1574,539,1035,829,220,609,814,304,510,420,174,246,17,4,13
2043,113,Dallas County,94,94 yrs,2893,961,1932,1266,417,849,668,171,497,633,238,395,314,132,182,12,3,9
2043,113,Dallas County,95,95+ yrs,7926,2458,5468,3373,1005,2368,1798,427,1371,1711,605,1106,1017,416,601,27,5,22
2044,113,Dallas County,-1,All Ages,3635140,1751654,1883486,719463,356131,363332,813624,382499,431125,1477408,710598,766810,508114,247220,260894,116531,55206,61325
2044,113,Dallas County,0,< 1 yr,52935,26983,25952,8964,4571,4393,9833,5011,4822,24114,12298,11816,6876,3501,3375,3148,1602,1546
2044,113,Dallas County,1,1 yr,52224,26615,25609,8749,4460,4289,9784,4982,4802,23917,12186,11731,6722,3429,3293,3052,1558,1494
2044,113,Dallas County,2,2 yrs,51739,26334,25405,8554,4361,4193,9812,4986,4826,23821,12130,11691,6578,3342,3236,2974,1515,1459
2044,113,Dallas County,3,3 yrs,51253,26093,25160,8361,4263,4098,9837,5001,4836,23726,12074,11652,6432,3273,3159,2897,1482,1415
2044,113,Dallas County,4,4 yrs,50777,25812,24965,8165,4162,4003,9865,5002,4863,23645,12025,11620,6285,3185,3100,2817,1438,1379
2044,113,Dallas County,5,5 yrs,50314,25582,24732,7970,4064,3906,9896,5020,4876,23568,11978,11590,6139,3115,3024,2741,1405,1336
2044,113,Dallas County,6,6 yrs,49884,25304,24580,7815,3980,3835,9918,5024,4894,23468,11902,11566,6011,3038,2973,2672,1360,1312
2044,113,Dallas County,7,7 yrs,49466,25075,24391,7671,3903,3768,9944,5045,4899,23366,11827,11539,5881,2976,2905,2604,1324,1280
2044,113,Dallas County,8,8 yrs,49074,24819,24255,7545,3834,3711,9977,5053,4924,23262,11750,11512,5750,2900,2850,2540,1282,1258
2044,113,Dallas County,9,9 yrs,48699,24611,24088,7437,3776,3661,10014,5080,4934,23152,11668,11484,5618,2837,2781,2478,1250,1228
2044,113,Dallas County,10,10 yrs,48350,24378,23972,7345,3724,3621,10059,5095,4964,23038,11587,11451,5492,2763,2729,2416,1209,1207
2044,113,Dallas County,11,11 yrs,48037,24248,23789,7269,3679,3590,9977,5060,4917,23027,11599,11428,5435,2742,2693,2329,1168,1161
2044,113,Dallas County,12,12 yrs,47734,24082,23652,7208,3642,3566,9902,5014,4888,23006,11603,11403,5367,2697,2670,2251,1126,1125
2044,113,Dallas County,13,13 yrs,47448,23966,23482,7164,3613,3551,9834,4989,4845,22961,11595,11366,5310,2677,2633,2179,1092,1087
2044,113,Dallas County,14,14 yrs,47167,23814,23353,7138,3593,3545,9770,4950,4820,22893,11577,11316,5258,2641,2617,2108,1053,1055
2044,113,Dallas County,15,15 yrs,46873,23705,23168,7157,3608,3549,9693,4918,4775,22766,11527,11239,5212,2627,2585,2045,1025,1020
2044,113,Dallas County,16,16 yrs,47858,24126,23732,7559,3797,3762,9769,4938,4831,22920,11574,11346,5579,2813,2766,2031,1004,1027
2044,113,Dallas County,17,17 yrs,48506,24397,24109,7893,3938,3955,9737,4912,4825,22954,11559,11395,5944,3016,2928,1978,972,1006
2044,113,Dallas County,18,18 yrs,47616,23963,23653,7671,3871,3800,9338,4730,4608,22492,11298,11194,6173,3124,3049,1942,940,1002
2044,113,Dallas County,19,19 yrs,45898,23090,22808,7102,3546,3556,8938,4544,4394,21619,10855,10764,6329,3224,3105,1910,921,989
2044,113,Dallas County,20,20 yrs,46957,23507,23450,7469,3725,3744,9054,4578,4476,21754,10856,10898,6769,3446,3323,1911,902,1009
2044,113,Dallas County,21,21 yrs,48159,23962,24197,7936,3947,3989,9497,4763,4734,21519,10675,10844,7239,3646,3593,1968,931,1037
2044,113,Dallas County,22,22 yrs,49812,24566,25246,8639,4281,4358,10004,4982,5022,21329,10487,10842,7794,3847,3947,2046,969,1077
2044,113,Dallas County,23,23 yrs,51953,25484,26469,9712,4797,4915,10478,5192,5286,21166,10343,10823,8473,4150,4323,2124,1002,1122
2044,113,Dallas County,24,24 yrs,53956,26337,27619,10630,5270,5360,10905,5370,5535,21084,10248,10836,9132,4419,4713,2205,1030,1175
2044,113,Dallas County,25,25 yrs,55923,27152,28771,11574,5744,5830,11378,5574,5804,20914,10108,10806,9783,4671,5112,2274,1055,1219
2044,113,Dallas County,26,26 yrs,56083,27229,28854,11805,5894,5911,11573,5659,5914,20498,9857,10641,9947,4786,5161,2260,1033,1227
2044,113,Dallas County,27,27 yrs,55950,27142,28808,11824,5941,5883,11738,5719,6019,20074,9594,10480,10075,4866,5209,2239,1022,1217
2044,113,Dallas County,28,28 yrs,55985,27178,28807,11955,6060,5895,11870,5787,6083,19715,9374,10341,10231,4956,5275,2214,1001,1213
2044,113,Dallas County,29,29 yrs,55693,26990,28703,11857,6009,5848,11996,5834,6162,19343,9145,10198,10327,5028,5299,2170,974,1196
2044,113,Dallas County,30,30 yrs,55385,26796,28589,11844,6034,5810,12061,5844,6217,19020,8942,10078,10319,5021,5298,2141,955,1186
2044,113,Dallas County,31,31 yrs,54804,26524,28280,11737,5976,5761,12024,5835,6189,18763,8779,9984,10206,5004,5202,2074,930,1144
2044,113,Dallas County,32,32 yrs,53949,26049,27900,11565,5896,5669,11913,5783,6130,18488,8607,9881,9986,4870,5116,1997,893,1104
2044,113,Dallas County,33,33 yrs,53097,25623,27474,11394,5814,5580,11804,5748,6056,18217,8432,9785,9756,4761,4995,1926,868,1058
2044,113,Dallas County,34,34 yrs,50599,24398,26201,8589,4459,4130,12162,5954,6208,19370,8832,10538,8672,4342,4330,1806,811,995
2044,113,Dallas County,35,35 yrs,50630,24233,26397,8377,4279,4098,12516,6060,6456,19357,8936,10421,8611,4203,4408,1769,755,1014
2044,113,Dallas County,36,36 yrs,51565,24867,26698,8472,4300,4172,12748,6327,6421,19886,9218,10668,8637,4201,4436,1822,821,1001
2044,113,Dallas County,37,37 yrs,50615,24370,26245,8335,4354,3981,12849,6399,6450,19621,9044,10577,8240,3910,4330,1570,663,907
2044,113,Dallas County,38,38 yrs,49499,23623,25876,8080,4186,3894,12723,6186,6537,19044,8649,10395,8092,3909,4183,1560,693,867
2044,113,Dallas County,39,39 yrs,47994,22854,25140,8021,4151,3870,12372,5993,6379,18457,8355,10102,7780,3746,4034,1364,609,755
2044,113,Dallas County,40,40 yrs,46814,22376,24438,7854,4049,3805,12188,5845,6343,17781,8067,9714,7642,3807,3835,1349,608,741
2044,113,Dallas County,41,41 yrs,45791,21725,24066,7672,3991,3681,11951,5736,6215,17459,7893,9566,7442,3519,3923,1267,586,681
2044,113,Dallas County,42,42 yrs,46070,21922,24148,7838,4049,3789,12150,5878,6272,17963,8165,9798,6963,3293,3670,1156,537,619
2044,113,Dallas County,43,43 yrs,46181,22040,24141,8010,4208,3802,11943,5800,6143,17726,8015,9711,7342,3520,3822,1160,497,663
2044,113,Dallas County,44,44 yrs,45135,21276,23859,8007,4102,3905,12232,5808,6424,17054,7744,9310,6701,3087,3614,1141,535,606
2044,113,Dallas County,45,45 yrs,43325,20444,22881,8060,4167,3893,11764,5641,6123,16196,7179,9017,6157,2974,3183,1148,483,665
2044,113,Dallas County,46,46 yrs,42767,20278,22489,8125,4196,3929,11897,5776,6121,15654,6961,8693,5926,2834,3092,1165,511,654
2044,113,Dallas County,47,47 yrs,42834,20051,22783,8555,4389,4166,11990,5705,6285,15311,6844,8467,5908,2643,3265,1070,470,600
2044,113,Dallas County,48,48 yrs,42855,20159,22696,8530,4352,4178,12056,5884,6172,15236,6661,8575,5933,2750,3183,1100,512,588
2044,113,Dallas County,49,49 yrs,43751,20862,22889,8885,4593,4292,12745,6113,6632,15017,6782,8235,5975,2868,3107,1129,506,623
2044,113,Dallas County,50,50 yrs,43079,20267,22812,8699,4486,4213,12684,6060,6624,14746,6623,8123,5914,2637,3277,1036,461,575
2044,113,Dallas County,51,51 yrs,42254,19934,22320,8384,4317,4067,13161,6247,6914,14672,6620,8052,5025,2323,2702,1012,427,585
2044,113,Dallas County,52,52 yrs,41656,19814,21842,8586,4366,4220,12532,6044,6488,14394,6557,7837,5262,2441,2821,882,406,476
2044,113,Dallas County,53,53 yrs,42041,20079,21962,8777,4482,4295,12330,5830,6500,14650,6703,7947,5380,2628,2752,904,436,468
2044,113,Dallas County,54,54 yrs,41254,19793,21461,8866,4584,4282,11697,5405,6292,14366,6771,7595,5466,2625,2841,859,408,451
2044,113,Dallas County,55,55 yrs,39918,19052,20866,8647,4241,4406,10770,4969,5801,14113,6869,7244,5645,2637,3008,743,336,407
2044,113,Dallas County,56,56 yrs,40223,19499,20724,9215,4510,4705,10111,4573,5538,14612,7120,7492,5535,2959,2576,750,337,413
2044,113,Dallas County,57,57 yrs,39960,18921,21039,9545,4590,4955,9509,4284,5225,14750,7212,7538,5458,2555,2903,698,280,418
2044,113,Dallas County,58,58 yrs,40374,18979,21395,9860,4733,5127,9279,4007,5272,14783,7187,7596,5736,2700,3036,716,352,364
2044,113,Dallas County,59,59 yrs,38290,18372,19918,9331,4494,4837,8434,3715,4719,14633,7171,7462,5265,2711,2554,627,281,346
2044,113,Dallas County,60,60 yrs,38110,17960,20150,8971,4474,4497,8079,3526,4553,14652,7127,7525,5811,2541,3270,597,292,305
2044,113,Dallas County,61,61 yrs,38904,18332,20572,8922,4442,4480,8091,3460,4631,15371,7469,7902,5870,2662,3208,650,299,351
2044,113,Dallas County,62,62 yrs,37413,17857,19556,8416,4182,4234,7635,3269,4366,15228,7514,7714,5516,2600,2916,618,292,326
2044,113,Dallas County,63,63 yrs,36812,17326,19486,8090,3991,4099,7542,3169,4373,15520,7628,7892,5165,2302,2863,495,236,259
2044,113,Dallas County,64,64 yrs,36416,17358,19058,7535,3774,3761,7312,3031,4281,15797,7792,8005,5215,2492,2723,557,269,288
2044,113,Dallas County,65,65 yrs,32962,15814,17148,6755,3380,3375,6637,2787,3850,14485,7183,7302,4622,2239,2383,463,225,238
2044,113,Dallas County,66,66 yrs,32303,15412,16891,6507,3216,3291,6220,2545,3675,14886,7370,7516,4269,2100,2169,421,181,240
2044,113,Dallas County,67,67 yrs,31064,14561,16503,6247,3136,3111,6044,2446,3598,14411,6896,7515,3954,1893,2061,408,190,218
2044,113,Dallas County,68,68 yrs,30443,14110,16333,5981,2941,3040,5691,2263,3428,14251,6755,7496,4152,1968,2184,368,183,185
2044,113,Dallas County,69,69 yrs,30252,14299,15953,6038,2988,3050,5607,2292,3315,14403,6935,7468,3857,1918,1939,347,166,181
2044,113,Dallas County,70,70 yrs,27853,12892,14961,5640,2736,2904,5353,2135,3218,13093,6160,6933,3498,1732,1766,269,129,140
2044,113,Dallas County,71,71 yrs,27450,12832,14618,5747,2846,2901,5400,2178,3222,12723,6061,6662,3261,1594,1667,319,153,166
2044,113,Dallas County,72,72 yrs,27036,12549,14487,5976,2898,3078,5446,2195,3251,12245,5756,6489,3100,1574,1526,269,126,143
2044,113,Dallas County,73,73 yrs,26484,12134,14350,6364,3088,3276,5444,2137,3307,11470,5315,6155,2939,1483,1456,267,111,156
2044,113,Dallas County,74,74 yrs,25720,11759,13961,6260,3017,3243,5157,2007,3150,11376,5367,6009,2686,1259,1427,241,109,132
2044,113,Dallas County,75,75 yrs,22923,10672,12251,5737,2744,2993,4611,1872,2739,9942,4757,5185,2432,1213,1219,201,86,115
2044,113,Dallas County,76,76 yrs,21877,9980,11897,5470,2575,2895,4578,1801,2777,9452,4439,5013,2175,1081,1094,202,84,118
2044,113,Dallas County,77,77 yrs,20414,9238,11176,5314,2522,2792,4303,1662,2641,8743,4121,4622,1900,868,1032,154,65,89
2044,113,Dallas County,78,78 yrs,19701,8861,10840,5249,2449,2800,4325,1636,2689,8200,3855,4345,1780,864,916,147,57,90
2044,113,Dallas County,79,79 yrs,19648,8859,10789,5677,2673,3004,4395,1658,2737,7700,3632,4068,1719,840,879,157,56,101
2044,113,Dallas County,80,80 yrs,18228,8141,10087,5724,2598,3126,3982,1483,2499,6743,3200,3543,1646,809,837,133,51,82
2044,113,Dallas County,81,81 yrs,17383,7515,9868,5828,2626,3202,3763,1349,2414,6173,2788,3385,1499,710,789,120,42,78
2044,113,Dallas County,82,82 yrs,16141,6905,9236,5741,2510,3231,3546,1283,2263,5478,2480,2998,1283,601,682,93,31,62
2044,113,Dallas County,83,83 yrs,15440,6598,8842,5497,2401,3096,3424,1215,2209,5171,2345,2826,1255,608,647,93,29,64
2044,113,Dallas County,84,84 yrs,14481,6095,8386,5301,2270,3031,3232,1142,2090,4673,2115,2558,1197,541,656,78,27,51
2044,113,Dallas County,85,85 yrs,12822,5232,7590,4885,2078,2807,2863,964,1899,3975,1723,2252,1038,449,589,61,18,43
2044,113,Dallas County,86,86 yrs,11770,4752,7018,4629,1940,2689,2625,885,1740,3440,1457,1983,1014,451,563,62,19,43
2044,113,Dallas County,87,87 yrs,10557,4156,6401,4186,1692,2494,2357,757,1600,3004,1261,1743,957,432,525,53,14,39
2044,113,Dallas County,88,88 yrs,9251,3608,5643,3772,1535,2237,2032,644,1388,2586,1070,1516,816,346,470,45,13,32
2044,113,Dallas County,89,89 yrs,8034,3088,4946,3379,1333,2046,1745,537,1208,2153,888,1265,718,321,397,39,9,30
2044,113,Dallas County,90,90 yrs,6598,2417,4181,2837,1051,1786,1410,418,992,1690,671,1019,630,269,361,31,8,23
2044,113,Dallas County,91,91 yrs,5703,2065,3638,2458,910,1548,1215,344,871,1391,550,841,609,255,354,30,6,24
2044,113,Dallas County,92,92 yrs,4612,1595,3017,2003,706,1297,1034,273,761,1097,414,683,457,197,260,21,5,16
2044,113,Dallas County,93,93 yrs,3833,1311,2522,1583,551,1032,898,233,665,901,347,554,435,176,259,16,4,12
2044,113,Dallas County,94,94 yrs,3026,1001,2025,1278,421,857,689,174,515,680,250,430,367,153,214,12,3,9
2044,113,Dallas County,95,95+ yrs,8444,2646,5798,3468,1036,2432,1954,468,1486,1855,670,1185,1137,466,671,30,6,24
2045,113,Dallas County,-1,All Ages,3674038,1769451,1904587,717693,355458,362235,819201,385433,433768,1488943,714838,774105,528138,256841,271297,120063,56881,63182
2045,113,Dallas County,0,< 1 yr,53455,27270,26185,9031,4605,4426,9870,5036,4834,24167,12325,11842,7150,3651,3499,3237,1653,1584
2045,113,Dallas County,1,1 yr,52752,26865,25887,8834,4504,4330,9819,4994,4825,23959,12208,11751,6995,3558,3437,3145,1601,1544
2045,113,Dallas County,2,2 yrs,52284,26631,25653,8663,4416,4247,9849,5010,4839,23853,12147,11706,6853,3491,3362,3066,1567,1499
2045,113,Dallas County,3,3 yrs,51781,26339,25442,8468,4317,4151,9873,5012,4861,23752,12087,11665,6701,3400,3301,2987,1523,1464
2045,113,Dallas County,4,4 yrs,51292,26096,25196,8275,4219,4056,9900,5028,4872,23656,12030,11626,6551,3329,3222,2910,1490,1420
2045,113,Dallas County,5,5 yrs,50812,25814,24998,8082,4120,3962,9928,5029,4899,23576,11982,11594,6397,3237,3160,2829,1446,1383
2045,113,Dallas County,6,6 yrs,50345,25560,24785,7913,4031,3882,9945,5045,4900,23469,11903,11566,6261,3173,3088,2757,1408,1349
2045,113,Dallas County,7,7 yrs,49909,25279,24630,7759,3947,3812,9966,5048,4918,23368,11827,11541,6128,3094,3034,2688,1363,1325
2045,113,Dallas County,8,8 yrs,49489,25050,24439,7615,3871,3744,9993,5069,4924,23266,11752,11514,5995,3031,2964,2620,1327,1293
2045,113,Dallas County,9,9 yrs,49096,24792,24304,7490,3802,3688,10024,5076,4948,23162,11675,11487,5863,2954,2909,2557,1285,1272
2045,113,Dallas County,10,10 yrs,48712,24581,24131,7380,3743,3637,10062,5104,4958,23050,11592,11458,5727,2889,2838,2493,1253,1240
2045,113,Dallas County,11,11 yrs,48395,24410,23985,7291,3690,3601,9969,5050,4919,23057,11613,11444,5674,2855,2819,2404,1202,1202
2045,113,Dallas County,12,12 yrs,48076,24276,23800,7214,3645,3569,9886,5015,4871,23045,11623,11422,5614,2832,2782,2317,1161,1156
2045,113,Dallas County,13,13 yrs,47767,24107,23660,7153,3608,3545,9812,4970,4842,23021,11625,11396,5542,2785,2757,2239,1119,1120
2045,113,Dallas County,14,14 yrs,47472,23987,23485,7107,3578,3529,9741,4943,4798,22975,11617,11358,5483,2764,2719,2166,1085,1081
2045,113,Dallas County,15,15 yrs,47179,23837,23342,7097,3579,3518,9670,4899,4771,22889,11587,11302,5427,2726,2701,2096,1046,1050
2045,113,Dallas County,16,16 yrs,48169,24307,23862,7470,3752,3718,9753,4940,4813,23076,11653,11423,5796,2930,2866,2074,1032,1042
2045,113,Dallas County,17,17 yrs,48870,24562,24308,7790,3886,3904,9724,4900,4824,23158,11663,11495,6165,3116,3049,2033,997,1036
2045,113,Dallas County,18,18 yrs,48043,24207,23836,7561,3817,3744,9347,4742,4605,22742,11426,11316,6403,3255,3148,1990,967,1023
2045,113,Dallas County,19,19 yrs,46398,23316,23082,7006,3497,3509,8962,4548,4414,21895,10992,10903,6580,3340,3240,1955,939,1016
2045,113,Dallas County,20,20 yrs,47476,23787,23689,7364,3672,3692,9082,4597,4485,22046,11001,11045,7024,3587,3437,1960,930,1030
2045,113,Dallas County,21,21 yrs,48637,24185,24452,7822,3891,3931,9527,4774,4753,21801,10813,10988,7469,3756,3713,2018,951,1067
2045,113,Dallas County,22,22 yrs,50284,24823,25461,8515,4221,4294,10041,5004,5037,21600,10623,10977,8040,3984,4056,2088,991,1097
2045,113,Dallas County,23,23 yrs,52419,25694,26725,9573,4729,4844,10526,5211,5315,21427,10472,10955,8726,4266,4460,2167,1016,1151
2045,113,Dallas County,24,24 yrs,54366,26563,27803,10484,5203,5281,10961,5405,5556,21315,10361,10954,9350,4536,4814,2256,1058,1198
2045,113,Dallas County,25,25 yrs,56417,27371,29046,11438,5679,5759,11450,5602,5848,21136,10216,10920,10070,4797,5273,2323,1077,1246
2045,113,Dallas County,26,26 yrs,56532,27469,29063,11676,5829,5847,11656,5706,5950,20697,9953,10744,10188,4916,5272,2315,1065,1250
2045,113,Dallas County,27,27 yrs,56433,27364,29069,11725,5893,5832,11836,5767,6069,20239,9675,10564,10340,4986,5354,2293,1043,1250
2045,113,Dallas County,28,28 yrs,56462,27430,29032,11883,6023,5860,11980,5845,6135,19829,9429,10400,10501,5103,5398,2269,1030,1239
2045,113,Dallas County,29,29 yrs,56231,27227,29004,11799,5985,5814,12124,5890,6234,19435,9183,10252,10636,5169,5467,2237,1000,1237
2045,113,Dallas County,30,30 yrs,55993,27105,28888,11818,6023,5795,12233,5933,6300,19084,8975,10109,10650,5185,5465,2208,989,1219
2045,113,Dallas County,31,31 yrs,55468,26829,28639,11724,5971,5753,12225,5929,6296,18802,8800,10002,10574,5173,5401,2143,956,1187
2045,113,Dallas County,32,32 yrs,54662,26421,28241,11565,5895,5670,12143,5908,6235,18520,8620,9900,10371,5073,5298,2063,925,1138
2045,113,Dallas County,33,33 yrs,53823,25960,27863,11397,5817,5580,12043,5855,6188,18229,8436,9793,10155,4957,5198,1999,895,1104
2045,113,Dallas County,34,34 yrs,52872,25485,27387,11210,5716,5494,11913,5818,6095,17944,8264,9680,9886,4818,5068,1919,869,1050
2045,113,Dallas County,35,35 yrs,50385,24245,26140,8429,4374,4055,12289,6024,6265,19106,8667,10439,8763,4374,4389,1798,806,992
2045,113,Dallas County,36,36 yrs,50457,24088,26369,8262,4215,4047,12543,6066,6477,19167,8814,10353,8715,4234,4481,1770,759,1011
2045,113,Dallas County,37,37 yrs,51392,24716,26676,8361,4240,4121,12773,6333,6440,19697,9091,10606,8741,4231,4510,1820,821,999
2045,113,Dallas County,38,38 yrs,50411,24199,26212,8220,4290,3930,12866,6399,6467,19422,8913,10509,8338,3935,4403,1565,662,903
2045,113,Dallas County,39,39 yrs,49293,23469,25824,7971,4129,3842,12729,6181,6548,18853,8532,10321,8184,3933,4251,1556,694,862
2045,113,Dallas County,40,40 yrs,47810,22708,25102,7901,4087,3814,12401,6004,6397,18280,8239,10041,7869,3769,4100,1359,609,750
2045,113,Dallas County,41,41 yrs,46790,22322,24468,7797,4013,3784,12141,5816,6325,17744,8032,9712,7767,3861,3906,1341,600,741
2045,113,Dallas County,42,42 yrs,45752,21664,24088,7610,3951,3659,11892,5702,6190,17426,7861,9565,7563,3569,3994,1261,581,680
2045,113,Dallas County,43,43 yrs,46007,21850,24157,7778,4011,3767,12090,5848,6242,17920,8125,9795,7073,3338,3735,1146,528,618
2045,113,Dallas County,44,44 yrs,46116,21960,24156,7944,4168,3776,11875,5757,6118,17690,7978,9712,7457,3567,3890,1150,490,660
2045,113,Dallas County,45,45 yrs,45064,21208,23856,7930,4061,3869,12171,5777,6394,17018,7710,9308,6812,3132,3680,1133,528,605
2045,113,Dallas County,46,46 yrs,43348,20418,22930,8019,4144,3875,11687,5602,6085,16221,7173,9048,6281,3020,3261,1140,479,661
2045,113,Dallas County,47,47 yrs,42806,20261,22545,8085,4174,3911,11845,5754,6091,15677,6952,8725,6046,2877,3169,1153,504,649
2045,113,Dallas County,48,48 yrs,42851,20024,22827,8511,4364,4147,11913,5671,6242,15336,6840,8496,6029,2684,3345,1062,465,597
2045,113,Dallas County,49,49 yrs,42853,20116,22737,8481,4324,4157,11971,5841,6130,15256,6652,8604,6055,2793,3262,1090,506,584
2045,113,Dallas County,50,50 yrs,43744,20830,22914,8819,4556,4263,12665,6078,6587,15045,6782,8263,6097,2913,3184,1118,501,617
2045,113,Dallas County,51,51 yrs,42969,20202,22767,8615,4444,4171,12581,5999,6582,14744,6616,8128,6006,2681,3325,1023,462,561
2045,113,Dallas County,52,52 yrs,42115,19851,22264,8297,4272,4025,13056,6186,6870,14658,6603,8055,5105,2362,2743,999,428,571
2045,113,Dallas County,53,53 yrs,41519,19726,21793,8495,4320,4175,12425,5978,6447,14384,6541,7843,5347,2483,2864,868,404,464
2045,113,Dallas County,54,54 yrs,41908,20000,21908,8687,4436,4251,12226,5773,6453,14636,6685,7951,5466,2670,2796,893,436,457
2045,113,Dallas County,55,55 yrs,41211,19737,21474,8806,4537,4269,11618,5354,6264,14379,6768,7611,5556,2668,2888,852,410,442
2045,113,Dallas County,56,56 yrs,39778,18937,20841,8544,4188,4356,10668,4909,5759,14107,6849,7258,5731,2663,3068,728,328,400
2045,113,Dallas County,57,57 yrs,40057,19379,20678,9103,4453,4650,10004,4509,5495,14599,7097,7502,5615,2990,2625,736,330,406
2045,113,Dallas County,58,58 yrs,39787,18796,20991,9426,4530,4896,9403,4221,5182,14733,7189,7544,5541,2583,2958,684,273,411
2045,113,Dallas County,59,59 yrs,40187,18843,21344,9735,4670,5065,9174,3946,5228,14755,7158,7597,5821,2725,3096,702,344,358
2045,113,Dallas County,60,60 yrs,38094,18244,19850,9208,4434,4774,8325,3655,4670,14602,7140,7462,5343,2740,2603,616,275,341
2045,113,Dallas County,61,61 yrs,37689,17728,19961,8766,4364,4402,7922,3439,4483,14520,7054,7466,5892,2586,3306,589,285,304
2045,113,Dallas County,62,62 yrs,38453,18087,20366,8712,4330,4382,7928,3373,4555,15218,7382,7836,5951,2708,3243,644,294,350
2045,113,Dallas County,63,63 yrs,36955,17609,19346,8211,4073,4138,7472,3181,4291,15076,7428,7648,5587,2643,2944,609,284,325
2045,113,Dallas County,64,64 yrs,36317,17062,19255,7885,3882,4003,7369,3080,4289,15344,7529,7815,5230,2340,2890,489,231,258
2045,113,Dallas County,65,65 yrs,35927,17100,18827,7334,3665,3669,7142,2943,4199,15619,7695,7924,5282,2533,2749,550,264,286
2045,113,Dallas County,66,66 yrs,32367,15492,16875,6590,3288,3302,6508,2726,3782,14264,7049,7215,4559,2212,2347,446,217,229
2045,113,Dallas County,67,67 yrs,31675,15072,16603,6340,3124,3216,6088,2486,3602,14643,7218,7425,4199,2069,2130,405,175,230
2045,113,Dallas County,68,68 yrs,30420,14214,16206,6079,3042,3037,5911,2384,3527,14166,6749,7417,3873,1856,2017,391,183,208
2045,113,Dallas County,69,69 yrs,29766,13741,16025,5812,2848,2964,5556,2200,3356,13981,6590,7391,4065,1927,2138,352,176,176
2045,113,Dallas County,70,70 yrs,29550,13915,15635,5860,2888,2972,5468,2229,3239,14120,6765,7355,3772,1875,1897,330,158,172
2045,113,Dallas County,71,71 yrs,27291,12567,14724,5501,2655,2846,5220,2070,3150,12852,6010,6842,3465,1712,1753,253,120,133
2045,113,Dallas County,72,72 yrs,26841,12472,14369,5596,2757,2839,5254,2103,3151,12478,5908,6570,3214,1563,1651,299,141,158
2045,113,Dallas County,73,73 yrs,26368,12159,14209,5812,2803,3009,5280,2113,3167,11976,5588,6388,3047,1539,1508,253,116,137
2045,113,Dallas County,74,74 yrs,25792,11732,14060,6173,2976,3197,5276,2055,3221,11207,5153,6054,2886,1446,1440,250,102,148
2045,113,Dallas County,75,75 yrs,24980,11338,13642,6061,2903,3158,4985,1922,3063,11077,5189,5888,2632,1224,1408,225,100,125
2045,113,Dallas County,76,76 yrs,22199,10281,11918,5535,2635,2900,4407,1773,2634,9674,4595,5079,2399,1202,1197,184,76,108
2045,113,Dallas County,77,77 yrs,21107,9573,11534,5262,2464,2798,4359,1696,2663,9169,4275,4894,2134,1064,1070,183,74,109
2045,113,Dallas County,78,78 yrs,19629,8818,10811,5093,2402,2691,4093,1562,2531,8451,3946,4505,1852,851,1001,140,57,83
2045,113,Dallas County,79,79 yrs,18863,8422,10441,5016,2326,2690,4091,1535,2556,7892,3673,4219,1731,838,893,133,50,83
2045,113,Dallas County,80,80 yrs,18722,8377,10345,5399,2524,2875,4141,1543,2598,7370,3443,3927,1670,818,852,142,49,93
2045,113,Dallas County,81,81 yrs,17447,7734,9713,5464,2460,3004,3786,1388,2398,6490,3063,3427,1587,778,809,120,45,75
2045,113,Dallas County,82,82 yrs,16539,7089,9450,5527,2469,3058,3560,1255,2305,5914,2654,3260,1431,674,757,107,37,70
2045,113,Dallas County,83,83 yrs,15280,6473,8807,5416,2345,3071,3342,1188,2154,5216,2344,2872,1224,569,655,82,27,55
2045,113,Dallas County,84,84 yrs,14535,6138,8397,5156,2229,2927,3212,1116,2096,4892,2194,2698,1193,574,619,82,25,57
2045,113,Dallas County,85,85 yrs,13531,5625,7906,4936,2089,2847,3009,1039,1970,4386,1968,2418,1131,506,625,69,23,46
2045,113,Dallas County,86,86 yrs,11922,4810,7112,4511,1895,2616,2651,877,1774,3705,1590,2115,999,432,567,56,16,40
2045,113,Dallas County,87,87 yrs,10851,4323,6528,4233,1748,2485,2416,797,1619,3172,1330,1842,971,430,541,59,18,41
2045,113,Dallas County,88,88 yrs,9629,3743,5886,3783,1504,2279,2151,677,1474,2744,1143,1601,902,406,496,49,13,36
2045,113,Dallas County,89,89 yrs,8342,3200,5142,3369,1349,2020,1827,561,1266,2339,957,1382,767,322,445,40,11,29
2045,113,Dallas County,90,90 yrs,7163,2708,4455,2979,1152,1827,1568,471,1097,1914,780,1134,668,297,371,34,8,26
2045,113,Dallas County,91,91 yrs,5797,2086,3711,2457,890,1567,1243,355,888,1484,586,898,586,249,337,27,6,21
2045,113,Dallas County,92,92 yrs,4929,1751,3178,2092,756,1336,1058,293,765,1202,469,733,553,229,324,24,4,20
2045,113,Dallas County,93,93 yrs,3928,1326,2602,1671,571,1100,897,230,667,931,347,584,411,174,237,18,4,14
2045,113,Dallas County,94,94 yrs,3182,1061,2121,1286,431,855,749,185,564,754,287,467,381,155,226,12,3,9
2045,113,Dallas County,95,95+ yrs,8977,2833,6144,3550,1062,2488,2098,503,1595,2008,732,1276,1288,529,759,33,7,26
2046,113,Dallas County,-1,All Ages,3713087,1787320,1925767,715955,354807,361148,824591,388286,436305,1500050,718871,781179,548812,266773,282039,123679,58583,65096
2046,113,Dallas County,0,< 1 yr,53954,27501,26453,9080,4630,4450,9902,5046,4856,24227,12355,11872,7419,3778,3641,3326,1692,1634
2046,113,Dallas County,1,1 yr,53273,27154,26119,8901,4538,4363,9855,5019,4836,24008,12234,11774,7275,3711,3564,3234,1652,1582
2046,113,Dallas County,2,2 yrs,52806,26878,25928,8746,4459,4287,9880,5020,4860,23890,12166,11724,7130,3623,3507,3160,1610,1550
2046,113,Dallas County,3,3 yrs,52323,26634,25689,8576,4372,4204,9907,5034,4873,23780,12102,11678,6980,3551,3429,3080,1575,1505
2046,113,Dallas County,4,4 yrs,51816,26342,25474,8383,4274,4109,9932,5037,4895,23678,12042,11636,6822,3457,3365,3001,1532,1469
2046,113,Dallas County,5,5 yrs,51325,26097,25228,8192,4177,4015,9960,5053,4907,23583,11985,11598,6667,3383,3284,2923,1499,1424
2046,113,Dallas County,6,6 yrs,50842,25789,25053,8025,4087,3938,9974,5052,4922,23473,11904,11569,6523,3297,3226,2847,1449,1398
2046,113,Dallas County,7,7 yrs,50370,25534,24836,7856,3998,3858,9991,5068,4923,23366,11826,11540,6383,3231,3152,2774,1411,1363
2046,113,Dallas County,8,8 yrs,49931,25254,24677,7703,3915,3788,10012,5071,4941,23264,11750,11514,6247,3151,3096,2705,1367,1338
2046,113,Dallas County,9,9 yrs,49505,25021,24484,7559,3839,3720,10038,5091,4947,23161,11675,11486,6111,3086,3025,2636,1330,1306
2046,113,Dallas County,10,10 yrs,49108,24763,24345,7433,3770,3663,10071,5100,4971,23057,11598,11459,5974,3007,2967,2573,1288,1285
2046,113,Dallas County,11,11 yrs,48759,24613,24146,7327,3709,3618,9969,5058,4911,23066,11616,11450,5917,2985,2932,2480,1245,1235
2046,113,Dallas County,12,12 yrs,48433,24438,23995,7235,3655,3580,9876,5004,4872,23072,11636,11436,5860,2949,2911,2390,1194,1196
2046,113,Dallas County,13,13 yrs,48108,24299,23809,7158,3610,3548,9792,4968,4824,23058,11644,11414,5796,2924,2872,2304,1153,1151
2046,113,Dallas County,14,14 yrs,47794,24129,23665,7094,3572,3522,9717,4923,4794,23033,11646,11387,5723,2876,2847,2227,1112,1115
2046,113,Dallas County,15,15 yrs,47482,24009,23473,7064,3563,3501,9639,4891,4748,22968,11625,11343,5659,2853,2806,2152,1077,1075
2046,113,Dallas County,16,16 yrs,48492,24449,24043,7406,3721,3685,9729,4921,4808,23196,11711,11485,6034,3041,2993,2127,1055,1072
2046,113,Dallas County,17,17 yrs,49202,24754,24448,7697,3840,3857,9707,4901,4806,23314,11741,11573,6406,3246,3160,2078,1026,1052
2046,113,Dallas County,18,18 yrs,48448,24393,24055,7463,3767,3696,9338,4733,4605,22950,11532,11418,6651,3369,3282,2046,992,1054
2046,113,Dallas County,19,19 yrs,46876,23586,23290,6908,3450,3458,8975,4562,4413,22150,11122,11028,6840,3487,3353,2003,965,1038
2046,113,Dallas County,20,20 yrs,47998,24024,23974,7262,3620,3642,9107,4602,4505,22322,11138,11184,7303,3717,3586,2004,947,1057
2046,113,Dallas County,21,21 yrs,49166,24468,24698,7713,3836,3877,9555,4794,4761,22087,10954,11133,7744,3906,3838,2067,978,1089
2046,113,Dallas County,22,22 yrs,50760,25046,25714,8393,4162,4231,10070,5014,5056,21875,10758,11117,8283,4102,4181,2139,1010,1129
2046,113,Dallas County,23,23 yrs,52882,25947,26935,9433,4661,4772,10561,5233,5328,21692,10605,11087,8985,4409,4576,2211,1039,1172
2046,113,Dallas County,24,24 yrs,54831,26770,28061,10332,5128,5204,11008,5423,5585,21568,10486,11082,9621,4660,4961,2302,1073,1229
2046,113,Dallas County,25,25 yrs,56824,27596,29228,11277,5605,5672,11506,5637,5869,21361,10326,11035,10303,4921,5382,2377,1107,1270
2046,113,Dallas County,26,26 yrs,57017,27684,29333,11536,5762,5774,11730,5735,5995,20910,10056,10854,10478,5044,5434,2363,1087,1276
2046,113,Dallas County,27,27 yrs,56876,27600,29276,11596,5828,5768,11920,5814,6106,20429,9766,10663,10583,5117,5466,2348,1075,1273
2046,113,Dallas County,28,28 yrs,56940,27651,29289,11782,5975,5807,12079,5894,6185,19987,9506,10481,10770,5226,5544,2322,1050,1272
2046,113,Dallas County,29,29 yrs,56710,27481,29229,11728,5949,5779,12235,5949,6286,19543,9235,10308,10912,5319,5593,2292,1029,1263
2046,113,Dallas County,30,30 yrs,56532,27343,29189,11759,5998,5761,12361,5989,6372,19170,9010,10160,10967,5332,5635,2275,1014,1261
2046,113,Dallas County,31,31 yrs,56073,27136,28937,11697,5960,5737,12396,6018,6378,18860,8829,10031,10910,5339,5571,2210,990,1220
2046,113,Dallas County,32,32 yrs,55324,26725,28599,11551,5889,5662,12343,6002,6341,18554,8638,9916,10744,5245,5499,2132,951,1181
2046,113,Dallas County,33,33 yrs,54535,26331,28204,11396,5815,5581,12272,5980,6292,18257,8447,9810,10545,5162,5383,2065,927,1138
2046,113,Dallas County,34,34 yrs,53599,25822,27777,11211,5718,5493,12153,5926,6227,17952,8265,9687,10291,5017,5274,1992,896,1096
2046,113,Dallas County,35,35 yrs,52660,25342,27318,11021,5621,5400,12022,5880,6142,17696,8109,9587,10010,4868,5142,1911,864,1047
2046,113,Dallas County,36,36 yrs,50212,24101,26111,8315,4309,4006,12316,6031,6285,18916,8547,10369,8866,4404,4462,1799,810,989
2046,113,Dallas County,37,37 yrs,50297,23943,26354,8155,4157,3998,12573,6074,6499,18984,8691,10293,8819,4263,4556,1766,758,1008
2046,113,Dallas County,38,38 yrs,51187,24545,26642,8246,4177,4069,12785,6329,6456,19495,8958,10537,8844,4259,4585,1817,822,995
2046,113,Dallas County,39,39 yrs,50200,24039,26161,8110,4232,3878,12872,6396,6476,19222,8790,10432,8435,3958,4477,1561,663,898
2046,113,Dallas County,40,40 yrs,49100,23318,25782,7851,4065,3786,12754,6191,6563,18670,8412,10258,8276,3957,4319,1549,693,856
2046,113,Dallas County,41,41 yrs,47788,22650,25138,7844,4051,3793,12357,5975,6382,18240,8202,10038,7997,3821,4176,1350,601,749
2046,113,Dallas County,42,42 yrs,46750,22264,24486,7734,3973,3761,12079,5782,6297,17708,7998,9710,7893,3916,3977,1336,595,741
2046,113,Dallas County,43,43 yrs,45697,21594,24103,7552,3914,3638,11831,5670,6161,17380,7820,9560,7683,3618,4065,1251,572,679
2046,113,Dallas County,44,44 yrs,45935,21771,24164,7713,3972,3741,12020,5808,6212,17882,8088,9794,7183,3382,3801,1137,521,616
2046,113,Dallas County,45,45 yrs,46050,21893,24157,7868,4126,3742,11815,5724,6091,17648,7941,9707,7577,3618,3959,1142,484,658
2046,113,Dallas County,46,46 yrs,45102,21184,23918,7890,4038,3852,12090,5735,6355,17043,7704,9339,6952,3182,3770,1127,525,602
2046,113,Dallas County,47,47 yrs,43388,20401,22987,7980,4122,3858,11629,5578,6051,16242,7161,9081,6410,3068,3342,1127,472,655
2046,113,Dallas County,48,48 yrs,42828,20239,22589,8044,4151,3893,11769,5718,6051,15700,6947,8753,6170,2923,3247,1145,500,645
2046,113,Dallas County,49,49 yrs,42843,19978,22865,8462,4335,4127,11824,5628,6196,15354,6831,8523,6151,2725,3426,1052,459,593
2046,113,Dallas County,50,50 yrs,42847,20080,22767,8414,4287,4127,11891,5806,6085,15283,6649,8634,6178,2836,3342,1081,502,579
2046,113,Dallas County,51,51 yrs,43637,20767,22870,8734,4514,4220,12560,6015,6545,15043,6774,8269,6197,2963,3234,1103,501,602
2046,113,Dallas County,52,52 yrs,42838,20123,22715,8526,4399,4127,12474,5938,6536,14730,6599,8131,6097,2724,3373,1011,463,548
2046,113,Dallas County,53,53 yrs,41962,19755,22207,8208,4227,3981,12939,6114,6825,14647,6587,8060,5186,2402,2784,982,425,557
2046,113,Dallas County,54,54 yrs,41380,19641,21739,8406,4274,4132,12318,5916,6402,14368,6523,7845,5431,2524,2907,857,404,453
2046,113,Dallas County,55,55 yrs,41858,19940,21918,8629,4390,4239,12143,5720,6423,14645,6680,7965,5557,2713,2844,884,437,447
2046,113,Dallas County,56,56 yrs,41061,19616,21445,8702,4481,4221,11508,5290,6218,14376,6749,7627,5639,2696,2943,836,400,436
2046,113,Dallas County,57,57 yrs,39623,18816,20807,8441,4136,4305,10552,4841,5711,14097,6828,7269,5819,2690,3129,714,321,393
2046,113,Dallas County,58,58 yrs,39880,19252,20628,8987,4393,4594,9893,4442,5451,14583,7075,7508,5695,3020,2675,722,322,400
2046,113,Dallas County,59,59 yrs,39600,18663,20937,9306,4469,4837,9292,4156,5136,14708,7162,7546,5623,2609,3014,671,267,404
2046,113,Dallas County,60,60 yrs,39998,18712,21286,9612,4610,5002,9064,3885,5179,14724,7128,7596,5910,2753,3157,688,336,352
2046,113,Dallas County,61,61 yrs,37658,18012,19646,8997,4325,4672,8161,3563,4598,14469,7066,7403,5422,2789,2633,609,269,340
2046,113,Dallas County,62,62 yrs,37261,17495,19766,8562,4256,4306,7761,3353,4408,14379,6973,7406,5976,2633,3343,583,280,303
2046,113,Dallas County,63,63 yrs,37990,17836,20154,8502,4218,4284,7757,3282,4475,15067,7298,7769,6029,2752,3277,635,286,349
2046,113,Dallas County,64,64 yrs,36476,17355,19121,8006,3964,4042,7302,3093,4209,14906,7332,7574,5661,2688,2973,601,278,323
2046,113,Dallas County,65,65 yrs,35827,16803,19024,7678,3771,3907,7199,2993,4206,15172,7435,7737,5296,2378,2918,482,226,256
2046,113,Dallas County,66,66 yrs,35285,16752,18533,7157,3566,3591,7003,2877,4126,15383,7552,7831,5213,2503,2710,529,254,275
2046,113,Dallas County,67,67 yrs,31736,15150,16586,6421,3194,3227,6371,2664,3707,14032,6904,7128,4484,2179,2305,428,209,219
2046,113,Dallas County,68,68 yrs,31020,14718,16302,6170,3030,3140,5955,2425,3530,14392,7064,7328,4116,2031,2085,387,168,219
2046,113,Dallas County,69,69 yrs,29739,13840,15899,5907,2945,2962,5771,2318,3453,13899,6586,7313,3787,1815,1972,375,176,199
2046,113,Dallas County,70,70 yrs,29081,13376,15705,5642,2753,2889,5418,2140,3278,13710,6431,7279,3975,1884,2091,336,168,168
2046,113,Dallas County,71,71 yrs,28957,13569,15388,5717,2804,2913,5333,2162,3171,13859,6602,7257,3736,1854,1882,312,147,165
2046,113,Dallas County,72,72 yrs,26700,12222,14478,5357,2572,2785,5078,1999,3079,12607,5859,6748,3420,1682,1738,238,110,128
2046,113,Dallas County,73,73 yrs,26180,12086,14094,5442,2667,2775,5093,2024,3069,12205,5738,6467,3159,1527,1632,281,130,151
2046,113,Dallas County,74,74 yrs,25689,11760,13929,5640,2703,2937,5119,2032,3087,11703,5419,6284,2991,1500,1491,236,106,130
2046,113,Dallas County,75,75 yrs,25051,11315,13736,5978,2864,3114,5100,1969,3131,10915,4983,5932,2825,1406,1419,233,93,140
2046,113,Dallas County,76,76 yrs,24195,10921,13274,5847,2787,3060,4764,1819,2945,10782,5014,5768,2597,1213,1384,205,88,117
2046,113,Dallas County,77,77 yrs,21423,9867,11556,5324,2521,2803,4195,1670,2525,9382,4425,4957,2354,1183,1171,168,68,100
2046,113,Dallas County,78,78 yrs,20303,9144,11159,5044,2347,2697,4145,1594,2551,8865,4094,4771,2082,1044,1038,167,65,102
2046,113,Dallas County,79,79 yrs,18801,8384,10417,4865,2280,2585,3870,1465,2405,8134,3761,4373,1806,828,978,126,50,76
2046,113,Dallas County,80,80 yrs,17980,7967,10013,4771,2197,2574,3854,1428,2426,7555,3483,4072,1680,815,865,120,44,76
2046,113,Dallas County,81,81 yrs,17919,7958,9961,5152,2390,2762,3937,1444,2493,7094,3296,3798,1609,786,823,127,42,85
2046,113,Dallas County,82,82 yrs,16606,7302,9304,5184,2314,2870,3582,1292,2290,6217,2917,3300,1516,740,776,107,39,68
2046,113,Dallas County,83,83 yrs,15659,6647,9012,5215,2308,2907,3353,1161,2192,5631,2509,3122,1365,638,727,95,31,64
2046,113,Dallas County,84,84 yrs,14389,6022,8367,5082,2178,2904,3134,1090,2044,4936,2193,2743,1165,538,627,72,23,49
2046,113,Dallas County,85,85 yrs,13585,5669,7916,4802,2052,2750,2992,1016,1976,4594,2043,2551,1126,537,589,71,21,50
2046,113,Dallas County,86,86 yrs,12587,5177,7410,4560,1906,2654,2787,946,1841,4086,1817,2269,1090,487,603,64,21,43
2046,113,Dallas County,87,87 yrs,10999,4381,6618,4128,1709,2419,2444,792,1652,3417,1453,1964,957,412,545,53,15,38
2046,113,Dallas County,88,88 yrs,9899,3893,6006,3828,1555,2273,2206,713,1493,2897,1205,1692,915,404,511,53,16,37
2046,113,Dallas County,89,89 yrs,8691,3325,5366,3380,1322,2058,1936,591,1345,2483,1023,1460,848,378,470,44,11,33
2046,113,Dallas County,90,90 yrs,7447,2810,4637,2973,1168,1805,1642,492,1150,2082,842,1240,714,298,416,36,10,26
2046,113,Dallas County,91,91 yrs,6298,2340,3958,2581,977,1604,1386,401,985,1680,681,999,622,275,347,29,6,23
2046,113,Dallas County,92,92 yrs,5017,1772,3245,2095,741,1354,1083,302,781,1283,500,783,533,224,309,23,5,18
2046,113,Dallas County,93,93 yrs,4203,1459,2744,1746,612,1134,918,248,670,1020,393,627,498,202,296,21,4,17
2046,113,Dallas County,94,94 yrs,3262,1073,2189,1358,446,912,750,184,566,780,287,493,360,153,207,14,3,11
2046,113,Dallas County,95,95+ yrs,9539,3032,6507,3622,1090,2532,2262,540,1722,2189,811,1378,1431,584,847,35,7,28
2047,113,Dallas County,-1,All Ages,3752170,1805239,1946931,714181,354144,360037,829755,391038,438717,1510726,722694,788032,570115,277026,293089,127393,60337,67056
2047,113,Dallas County,0,< 1 yr,54428,27764,26664,9105,4643,4462,9930,5066,4864,24293,12389,11904,7688,3925,3763,3412,1741,1671
2047,113,Dallas County,1,1 yr,53768,27383,26385,8949,4562,4387,9884,5027,4857,24063,12261,11802,7547,3840,3707,3325,1693,1632
2047,113,Dallas County,2,2 yrs,53322,27162,26160,8811,4492,4319,9915,5044,4871,23934,12189,11745,7414,3777,3637,3248,1660,1588
2047,113,Dallas County,3,3 yrs,52845,26880,25965,8658,4414,4244,9937,5044,4893,23813,12119,11694,7263,3685,3578,3174,1618,1556
2047,113,Dallas County,4,4 yrs,52356,26633,25723,8488,4327,4161,9965,5058,4907,23703,12055,11648,7106,3610,3496,3094,1583,1511
2047,113,Dallas County,5,5 yrs,51843,26339,25504,8297,4230,4067,9989,5060,4929,23600,11995,11605,6943,3514,3429,3014,1540,1474
2047,113,Dallas County,6,6 yrs,51352,26070,25282,8133,4142,3991,10004,5074,4930,23476,11906,11570,6797,3445,3352,2942,1503,1439
2047,113,Dallas County,7,7 yrs,50865,25764,25101,7968,4054,3914,10016,5073,4943,23367,11826,11541,6649,3358,3291,2865,1453,1412
2047,113,Dallas County,8,8 yrs,50390,25505,24885,7799,3965,3834,10034,5089,4945,23258,11747,11511,6507,3290,3217,2792,1414,1378
2047,113,Dallas County,9,9 yrs,49947,25224,24723,7646,3882,3764,10056,5093,4963,23156,11671,11485,6368,3209,3159,2721,1369,1352
2047,113,Dallas County,10,10 yrs,49515,24988,24527,7502,3806,3696,10082,5113,4969,23051,11595,11456,6227,3141,3086,2653,1333,1320
2047,113,Dallas County,11,11 yrs,49153,24796,24357,7379,3736,3643,9975,5052,4923,23069,11620,11449,6171,3107,3064,2559,1281,1278
2047,113,Dallas County,12,12 yrs,48798,24642,24156,7270,3674,3596,9874,5010,4864,23078,11638,11440,6109,3082,3027,2467,1238,1229
2047,113,Dallas County,13,13 yrs,48466,24463,24003,7178,3620,3558,9779,4956,4823,23081,11656,11425,6050,3044,3006,2378,1187,1191
2047,113,Dallas County,14,14 yrs,48133,24320,23813,7098,3574,3524,9694,4919,4775,23066,11663,11403,5985,3019,2966,2290,1145,1145
2047,113,Dallas County,15,15 yrs,47805,24152,23653,7051,3557,3494,9613,4870,4743,23022,11653,11369,5905,2967,2938,2214,1105,1109
2047,113,Dallas County,16,16 yrs,48818,24633,24185,7372,3705,3667,9696,4911,4785,23272,11748,11524,6293,3183,3110,2185,1086,1099
2047,113,Dallas County,17,17 yrs,49551,24910,24641,7631,3808,3823,9682,4882,4800,23431,11798,11633,6673,3372,3301,2134,1050,1084
2047,113,Dallas County,18,18 yrs,48822,24605,24217,7376,3724,3652,9327,4736,4591,23108,11610,11498,6920,3514,3406,2091,1021,1070
2047,113,Dallas County,19,19 yrs,47338,23801,23537,6822,3406,3416,8971,4555,4416,22365,11231,11134,7120,3618,3502,2060,991,1069
2047,113,Dallas County,20,20 yrs,48498,24309,24189,7161,3572,3589,9117,4615,4502,22575,11267,11308,7592,3881,3711,2053,974,1079
2047,113,Dallas County,21,21 yrs,49696,24708,24988,7606,3782,3824,9578,4798,4780,22358,11088,11270,8041,4044,3997,2113,996,1117
2047,113,Dallas County,22,22 yrs,51292,25330,25962,8274,4102,4172,10096,5033,5063,22155,10896,11259,8576,4260,4316,2191,1039,1152
2047,113,Dallas County,23,23 yrs,53346,26164,27182,9294,4595,4699,10586,5241,5345,21961,10736,11225,9240,4532,4708,2265,1060,1205
2047,113,Dallas County,24,24 yrs,55292,27019,28273,10179,5054,5125,11044,5445,5599,21827,10615,11212,9895,4809,5086,2347,1096,1251
2047,113,Dallas County,25,25 yrs,57284,27798,29486,11112,5523,5589,11550,5654,5896,21607,10447,11160,10591,5053,5538,2424,1121,1303
2047,113,Dallas County,26,26 yrs,57405,27897,29508,11371,5686,5685,11782,5768,6014,21125,10160,10965,10710,5167,5543,2417,1116,1301
2047,113,Dallas County,27,27 yrs,57351,27812,29539,11455,5760,5695,11992,5843,6149,20634,9865,10769,10875,5248,5627,2395,1096,1299
2047,113,Dallas County,28,28 yrs,57374,27879,29495,11649,5906,5743,12162,5940,6222,20170,9593,10577,11015,5358,5657,2378,1082,1296
2047,113,Dallas County,29,29 yrs,57185,27701,29484,11625,5900,5725,12335,5998,6337,19694,9308,10386,11185,5445,5740,2346,1050,1296
2047,113,Dallas County,30,30 yrs,57008,27591,29417,11685,5960,5725,12472,6047,6425,19270,9057,10213,11251,5485,5766,2330,1042,1288
2047,113,Dallas County,31,31 yrs,56604,27371,29233,11635,5933,5702,12523,6074,6449,18940,8861,10079,11229,5487,5742,2277,1016,1261
2047,113,Dallas County,32,32 yrs,55930,27031,28899,11524,5878,5646,12515,6091,6424,18608,8665,9943,11083,5411,5672,2200,986,1214
2047,113,Dallas County,33,33 yrs,55196,26635,28561,11380,5808,5572,12473,6074,6399,18286,8463,9823,10922,5337,5585,2135,953,1182
2047,113,Dallas County,34,34 yrs,54309,26192,28117,11210,5716,5494,12383,6052,6331,17975,8274,9701,10684,5223,5461,2057,927,1130
2047,113,Dallas County,35,35 yrs,53382,25675,27707,11021,5622,5399,12262,5988,6274,17698,8107,9591,10418,5068,5350,1983,890,1093
2047,113,Dallas County,36,36 yrs,52478,25195,27283,10879,5542,5337,12033,5881,6152,17517,7995,9522,10137,4909,5228,1912,868,1044
2047,113,Dallas County,37,37 yrs,50049,23956,26093,8206,4249,3957,12344,6039,6305,18732,8426,10306,8971,4433,4538,1796,809,987
2047,113,Dallas County,38,38 yrs,50103,23776,26327,8044,4097,3947,12588,6070,6518,18787,8561,10226,8921,4289,4632,1763,759,1004
2047,113,Dallas County,39,39 yrs,50970,24383,26587,8135,4120,4015,12785,6321,6464,19293,8834,10459,8943,4284,4659,1814,824,990
2047,113,Dallas County,40,40 yrs,50002,23884,26118,7989,4167,3822,12898,6409,6489,19030,8665,10365,8530,3980,4550,1555,663,892
2047,113,Dallas County,41,41 yrs,49082,23263,25819,7795,4029,3766,12705,6160,6545,18629,8375,10254,8412,4015,4397,1541,684,857
2047,113,Dallas County,42,42 yrs,47746,22585,25161,7780,4011,3769,12295,5939,6356,18200,8166,10034,8127,3874,4253,1344,595,749
2047,113,Dallas County,43,43 yrs,46691,22193,24498,7673,3935,3738,12015,5749,6266,17658,7955,9703,8019,3969,4050,1326,585,741
2047,113,Dallas County,44,44 yrs,45635,21519,24116,7489,3876,3613,11763,5630,6133,17339,7782,9557,7803,3666,4137,1241,565,676
2047,113,Dallas County,45,45 yrs,45863,21706,24157,7639,3933,3706,11958,5778,6180,17840,8051,9789,7298,3430,3868,1128,514,614
2047,113,Dallas County,46,46 yrs,46096,21870,24226,7827,4103,3724,11734,5679,6055,17673,7934,9739,7728,3674,4054,1134,480,654
2047,113,Dallas County,47,47 yrs,45150,21168,23982,7850,4016,3834,12028,5709,6319,17062,7692,9370,7094,3232,3862,1116,519,597
2047,113,Dallas County,48,48 yrs,43406,20377,23029,7937,4098,3839,11546,5541,6005,16265,7155,9110,6540,3116,3424,1118,467,651
2047,113,Dallas County,49,49 yrs,42821,20192,22629,7996,4123,3873,11681,5673,6008,15717,6936,8781,6294,2967,3327,1133,493,640
2047,113,Dallas County,50,50 yrs,42830,19940,22890,8395,4298,4097,11738,5592,6146,15378,6828,8550,6276,2767,3509,1043,455,588
2047,113,Dallas County,51,51 yrs,42740,20017,22723,8331,4246,4085,11788,5746,6042,15277,6639,8638,6276,2884,3392,1068,502,566
2047,113,Dallas County,52,52 yrs,43505,20691,22814,8643,4467,4176,12449,5952,6497,15028,6757,8271,6297,3014,3283,1088,501,587
2047,113,Dallas County,53,53 yrs,42692,20031,22661,8435,4353,4082,12355,5867,6488,14717,6582,8135,6190,2768,3422,995,461,534
2047,113,Dallas County,54,54 yrs,41801,19660,22141,8118,4180,3938,12820,6045,6775,14628,6568,8060,5266,2441,2825,969,426,543
2047,113,Dallas County,55,55 yrs,41307,19568,21739,8340,4226,4114,12227,5856,6371,14374,6516,7858,5518,2566,2952,848,404,444
2047,113,Dallas County,56,56 yrs,41701,19818,21883,8525,4336,4189,12028,5653,6375,14641,6661,7980,5640,2741,2899,867,427,440
2047,113,Dallas County,57,57 yrs,40892,19486,21406,8594,4424,4170,11382,5216,6166,14371,6729,7642,5725,2726,2999,820,391,429
2047,113,Dallas County,58,58 yrs,39453,18687,20766,8332,4080,4252,10430,4770,5660,14084,6807,7277,5907,2717,3190,700,313,387
2047,113,Dallas County,59,59 yrs,39690,19121,20569,8871,4333,4538,9777,4374,5403,14559,7049,7510,5774,3050,2724,709,315,394
2047,113,Dallas County,60,60 yrs,39410,18534,20876,9187,4411,4776,9177,4092,5085,14681,7134,7547,5708,2637,3071,657,260,397
2047,113,Dallas County,61,61 yrs,39566,18476,21090,9399,4499,4900,8898,3791,5107,14591,7055,7536,5997,2802,3195,681,329,352
2047,113,Dallas County,62,62 yrs,37210,17775,19435,8786,4216,4570,7993,3472,4521,14328,6985,7343,5500,2839,2661,603,263,340
2047,113,Dallas County,63,63 yrs,36820,17256,19564,8357,4147,4210,7594,3263,4331,14239,6895,7344,6056,2679,3377,574,272,302
2047,113,Dallas County,64,64 yrs,37507,17581,19926,8291,4105,4186,7581,3192,4389,14896,7204,7692,6110,2799,3311,629,281,348
2047,113,Dallas County,65,65 yrs,35994,17101,18893,7797,3853,3944,7133,3005,4128,14737,7239,7498,5734,2732,3002,593,272,321
2047,113,Dallas County,66,66 yrs,35187,16463,18724,7493,3669,3824,7060,2927,4133,14944,7298,7646,5225,2350,2875,465,219,246
2047,113,Dallas County,67,67 yrs,34609,16385,18224,6976,3465,3511,6857,2811,4046,15136,7398,7738,5131,2466,2665,509,245,264
2047,113,Dallas County,68,68 yrs,31083,14797,16286,6250,3099,3151,6234,2601,3633,13794,6758,7036,4395,2138,2257,410,201,209
2047,113,Dallas County,69,69 yrs,30332,14338,15994,5998,2935,3063,5815,2359,3456,14122,6895,7227,4026,1987,2039,371,162,209
2047,113,Dallas County,70,70 yrs,29054,13471,15583,5735,2848,2887,5628,2254,3374,13632,6428,7204,3700,1772,1928,359,169,190
2047,113,Dallas County,71,71 yrs,28505,13043,15462,5507,2674,2833,5286,2076,3210,13459,6276,7183,3936,1861,2075,317,156,161
2047,113,Dallas County,72,72 yrs,28334,13200,15134,5568,2717,2851,5190,2089,3101,13595,6437,7158,3687,1821,1866,294,136,158
2047,113,Dallas County,73,73 yrs,26057,11851,14206,5212,2489,2723,4923,1925,2998,12334,5690,6644,3364,1645,1719,224,102,122
2047,113,Dallas County,74,74 yrs,25509,11690,13819,5281,2572,2709,4936,1946,2990,11928,5566,6362,3101,1486,1615,263,120,143
2047,113,Dallas County,75,75 yrs,24959,11345,13614,5464,2603,2861,4948,1947,3001,11398,5239,6159,2928,1458,1470,221,98,123
2047,113,Dallas County,76,76 yrs,24266,10906,13360,5767,2750,3017,4872,1864,3008,10626,4816,5810,2788,1394,1394,213,82,131
2047,113,Dallas County,77,77 yrs,23356,10484,12872,5625,2668,2957,4536,1713,2823,10459,4831,5628,2549,1194,1355,187,78,109
2047,113,Dallas County,78,78 yrs,20612,9431,11181,5105,2403,2702,3987,1570,2417,9071,4239,4832,2297,1160,1137,152,59,93
2047,113,Dallas County,79,79 yrs,19453,8699,10754,4821,2229,2592,3918,1495,2423,8536,3903,4633,2027,1015,1012,151,57,94
2047,113,Dallas County,80,80 yrs,17929,7934,9995,4629,2154,2475,3643,1362,2281,7789,3567,4222,1754,807,947,114,44,70
2047,113,Dallas County,81,81 yrs,17219,7574,9645,4554,2081,2473,3663,1336,2327,7275,3336,3939,1620,783,837,107,38,69
2047,113,Dallas County,82,82 yrs,17062,7517,9545,4887,2248,2639,3725,1344,2381,6799,3140,3659,1537,748,789,114,37,77
2047,113,Dallas County,83,83 yrs,15728,6855,8873,4892,2164,2728,3375,1197,2178,5919,2759,3160,1447,701,746,95,34,61
2047,113,Dallas County,84,84 yrs,14752,6189,8563,4892,2143,2749,3147,1067,2080,5330,2349,2981,1299,603,696,84,27,57
2047,113,Dallas County,85,85 yrs,13453,5564,7889,4736,2007,2729,2917,992,1925,4636,2042,2594,1100,503,597,64,20,44
2047,113,Dallas County,86,86 yrs,12644,5222,7422,4438,1874,2564,2773,926,1847,4282,1887,2395,1085,516,569,66,19,47
2047,113,Dallas County,87,87 yrs,11617,4719,6898,4174,1720,2454,2571,855,1716,3768,1660,2108,1045,465,580,59,19,40
2047,113,Dallas County,88,88 yrs,10040,3948,6092,3735,1522,2213,2232,708,1524,3122,1318,1804,903,387,516,48,13,35
2047,113,Dallas County,89,89 yrs,8938,3461,5477,3421,1368,2053,1987,623,1364,2622,1079,1543,861,377,484,47,14,33
2047,113,Dallas County,90,90 yrs,7764,2922,4842,2985,1145,1840,1741,518,1223,2210,900,1310,790,350,440,38,9,29
2047,113,Dallas County,91,91 yrs,6554,2431,4123,2577,991,1586,1452,420,1032,1828,736,1092,666,276,390,31,8,23
2047,113,Dallas County,92,92 yrs,5451,1991,3460,2199,813,1386,1209,343,866,1453,582,871,566,248,318,24,5,19
2047,113,Dallas County,93,93 yrs,4270,1467,2803,1750,600,1150,931,246,685,1090,419,671,480,198,282,19,4,15
2047,113,Dallas County,94,94 yrs,3496,1183,2313,1420,479,941,768,198,570,855,325,530,437,178,259,16,3,13
2047,113,Dallas County,95,95+ yrs,10060,3204,6856,3736,1123,2613,2395,569,1826,2354,874,1480,1538,631,907,37,7,30
2048,113,Dallas County,-1,All Ages,3791312,1823171,1968141,712393,353460,358933,834722,393702,441020,1520972,726307,794665,592057,287586,304471,131168,62116,69052
2048,113,Dallas County,0,< 1 yr,54872,27971,26901,9106,4644,4462,9955,5073,4882,24362,12423,11939,7953,4051,3902,3496,1780,1716
2048,113,Dallas County,1,1 yr,54241,27643,26598,8973,4574,4399,9912,5048,4864,24126,12292,11834,7820,3988,3832,3410,1741,1669
2048,113,Dallas County,2,2 yrs,53814,27390,26424,8859,4516,4343,9942,5051,4891,23985,12214,11771,7690,3908,3782,3338,1701,1637
2048,113,Dallas County,3,3 yrs,53358,27162,26196,8722,4446,4276,9969,5066,4903,23853,12140,11713,7551,3841,3710,3263,1669,1594
2048,113,Dallas County,4,4 yrs,52877,26880,25997,8569,4369,4200,9993,5067,4926,23732,12070,11662,7396,3748,3648,3187,1626,1561
2048,113,Dallas County,5,5 yrs,52380,26628,25752,8400,4282,4118,10021,5081,4940,23621,12006,11615,7231,3668,3563,3107,1591,1516
2048,113,Dallas County,6,6 yrs,51870,26313,25557,8237,4195,4042,10031,5081,4950,23489,11914,11575,7079,3579,3500,3034,1544,1490
2048,113,Dallas County,7,7 yrs,51375,26044,25331,8075,4109,3966,10045,5095,4950,23367,11826,11541,6929,3508,3421,2959,1506,1453
2048,113,Dallas County,8,8 yrs,50883,25736,25147,7909,4020,3889,10058,5094,4964,23255,11745,11510,6778,3420,3358,2883,1457,1426
2048,113,Dallas County,9,9 yrs,50400,25473,24927,7741,3931,3810,10075,5110,4965,23145,11666,11479,6631,3350,3281,2808,1416,1392
2048,113,Dallas County,10,10 yrs,49957,25192,24765,7589,3849,3740,10097,5114,4983,23043,11590,11453,6489,3267,3222,2739,1372,1367
2048,113,Dallas County,11,11 yrs,49561,25021,24540,7447,3771,3676,9985,5065,4920,23060,11616,11444,6431,3244,3187,2638,1325,1313
2048,113,Dallas County,12,12 yrs,49190,24822,24368,7321,3700,3621,9878,5003,4875,23076,11639,11437,6370,3207,3163,2545,1273,1272
2048,113,Dallas County,13,13 yrs,48830,24665,24165,7211,3637,3574,9774,4960,4814,23083,11656,11427,6307,3181,3126,2455,1231,1224
2048,113,Dallas County,14,14 yrs,48492,24484,24008,7118,3583,3535,9679,4906,4773,23085,11673,11412,6246,3143,3103,2364,1179,1185
2048,113,Dallas County,15,15 yrs,48148,24347,23801,7055,3559,3496,9589,4866,4723,23052,11668,11384,6175,3116,3059,2277,1138,1139
2048,113,Dallas County,16,16 yrs,49161,24787,24374,7356,3698,3658,9669,4890,4779,23323,11774,11549,6566,3311,3255,2247,1114,1133
2048,113,Dallas County,17,17 yrs,49901,25108,24793,7594,3791,3803,9649,4872,4777,23507,11834,11673,6959,3530,3429,2192,1081,1111
2048,113,Dallas County,18,18 yrs,49219,24787,24432,7314,3694,3620,9307,4720,4587,23229,11669,11560,7220,3658,3562,2149,1046,1103
2048,113,Dallas County,19,19 yrs,47767,24039,23728,6744,3368,3376,8964,4559,4405,22530,11312,11218,7422,3780,3642,2107,1020,1087
2048,113,Dallas County,20,20 yrs,48979,24533,24446,7071,3526,3545,9110,4607,4503,22787,11374,11413,7900,4026,3874,2111,1000,1111
2048,113,Dallas County,21,21 yrs,50209,24999,25210,7501,3732,3769,9586,4810,4776,22605,11214,11391,8352,4219,4133,2165,1024,1141
2048,113,Dallas County,22,22 yrs,51828,25572,26256,8158,4044,4114,10116,5036,5080,22421,11027,11394,8895,4408,4487,2238,1057,1181
2048,113,Dallas County,23,23 yrs,53873,26445,27428,9159,4528,4631,10610,5259,5351,22236,10871,11365,9550,4698,4852,2318,1089,1229
2048,113,Dallas County,24,24 yrs,55753,27234,28519,10028,4981,5047,11068,5453,5615,22088,10742,11346,10166,4940,5226,2403,1118,1285
2048,113,Dallas County,25,25 yrs,57742,28044,29698,10945,5442,5503,11585,5676,5909,21859,10572,11287,10882,5209,5673,2471,1145,1326
2048,113,Dallas County,26,26 yrs,57852,28092,29760,11200,5600,5600,11825,5784,6041,21363,10277,11086,11000,5301,5699,2464,1130,1334
2048,113,Dallas County,27,27 yrs,57732,28021,29711,11288,5682,5606,12043,5876,6167,20842,9965,10877,11109,5373,5736,2450,1125,1325
2048,113,Dallas County,28,28 yrs,57837,28084,29753,11505,5836,5669,12234,5968,6266,20365,9686,10679,11309,5491,5818,2424,1103,1321
2048,113,Dallas County,29,29 yrs,57611,27927,29684,11494,5832,5662,12417,6044,6373,19868,9391,10477,11431,5578,5853,2401,1082,1319
2048,113,Dallas County,30,30 yrs,57482,27814,29668,11582,5910,5672,12572,6097,6475,19415,9127,10288,11528,5616,5912,2385,1064,1321
2048,113,Dallas County,31,31 yrs,57074,27617,29457,11561,5895,5666,12631,6131,6500,19035,8906,10129,11515,5641,5874,2332,1044,1288
2048,113,Dallas County,32,32 yrs,56453,27262,29191,11461,5850,5611,12640,6146,6494,18682,8694,9988,11405,5561,5844,2265,1011,1254
2048,113,Dallas County,33,33 yrs,55798,26936,28862,11352,5796,5556,12643,6162,6481,18336,8487,9849,11264,5503,5761,2203,988,1215
2048,113,Dallas County,34,34 yrs,54970,26497,28473,11194,5709,5485,12584,6146,6438,18001,8289,9712,11065,5400,5665,2126,953,1173
2048,113,Dallas County,35,35 yrs,54090,26043,28047,11018,5619,5399,12493,6114,6379,17717,8113,9604,10815,5276,5539,2047,921,1126
2048,113,Dallas County,36,36 yrs,53202,25529,27673,10879,5543,5336,12273,5989,6284,17517,7992,9525,10550,5111,5439,1983,894,1089
2048,113,Dallas County,37,37 yrs,52310,25048,27262,10744,5468,5276,12045,5883,6162,17346,7882,9464,10266,4948,5318,1909,867,1042
2048,113,Dallas County,38,38 yrs,49850,23788,26062,8093,4186,3907,12358,6036,6322,18534,8298,10236,9074,4459,4615,1791,809,982
2048,113,Dallas County,39,39 yrs,49897,23618,26279,7936,4041,3895,12592,6064,6528,18589,8440,10149,9022,4313,4709,1758,760,998
2048,113,Dallas County,40,40 yrs,50767,24225,26542,8012,4055,3957,12806,6329,6477,19098,8707,10391,9044,4310,4734,1807,824,983
2048,113,Dallas County,41,41 yrs,49976,23822,26154,7933,4131,3802,12847,6378,6469,18983,8624,10359,8667,4035,4632,1546,654,892
2048,113,Dallas County,42,42 yrs,49040,23198,25842,7730,3988,3742,12638,6122,6516,18588,8338,10250,8549,4072,4477,1535,678,857
2048,113,Dallas County,43,43 yrs,47688,22511,25177,7720,3973,3747,12232,5906,6326,18147,8121,10026,8255,3925,4330,1334,586,748
2048,113,Dallas County,44,44 yrs,46629,22121,24508,7611,3897,3714,11942,5709,6233,17615,7915,9700,8145,4022,4123,1316,578,738
2048,113,Dallas County,45,45 yrs,45571,21455,24116,7417,3837,3580,11701,5599,6102,17293,7743,9550,7928,3718,4210,1232,558,674
2048,113,Dallas County,46,46 yrs,45906,21685,24221,7600,3911,3689,11876,5736,6140,17863,8044,9819,7446,3484,3962,1121,510,611
2048,113,Dallas County,47,47 yrs,46160,21860,24300,7788,4081,3707,11674,5651,6023,17692,7922,9770,7883,3731,4152,1123,475,648
2048,113,Dallas County,48,48 yrs,45179,21146,24033,7808,3993,3815,11941,5670,6271,17084,7685,9399,7239,3284,3955,1107,514,593
2048,113,Dallas County,49,49 yrs,43404,20336,23068,7892,4072,3820,11454,5496,5958,16280,7143,9137,6671,3164,3507,1107,461,646
2048,113,Dallas County,50,50 yrs,42807,20153,22654,7930,4086,3844,11596,5635,5961,15740,6932,8808,6419,3012,3407,1122,488,634
2048,113,Dallas County,51,51 yrs,42716,19873,22843,8312,4257,4055,11632,5532,6100,15369,6816,8553,6375,2813,3562,1028,455,573
2048,113,Dallas County,52,52 yrs,42615,19942,22673,8244,4202,4042,11681,5685,5996,15260,6621,8639,6375,2931,3444,1055,503,552
2048,113,Dallas County,53,53 yrs,43360,20600,22760,8551,4420,4131,12326,5878,6448,15014,6740,8274,6398,3064,3334,1071,498,573
2048,113,Dallas County,54,54 yrs,42540,19940,22600,8344,4306,4038,12234,5798,6436,14697,6562,8135,6282,2812,3470,983,462,521
2048,113,Dallas County,55,55 yrs,41699,19574,22125,8048,4131,3917,12716,5978,6738,14627,6558,8069,5350,2481,2869,958,426,532
2048,113,Dallas County,56,56 yrs,41143,19437,21706,8237,4172,4065,12108,5782,6326,14368,6496,7872,5599,2593,3006,831,394,437
2048,113,Dallas County,57,57 yrs,41525,19683,21842,8420,4281,4139,11898,5576,6322,14634,6640,7994,5723,2769,2954,850,417,433
2048,113,Dallas County,58,58 yrs,40710,19350,21360,8484,4365,4119,11251,5139,6112,14359,6708,7651,5812,2756,3056,804,382,422
2048,113,Dallas County,59,59 yrs,39272,18552,20720,8224,4024,4200,10304,4697,5607,14062,6782,7280,5996,2743,3253,686,306,380
2048,113,Dallas County,60,60 yrs,39493,18990,20503,8755,4275,4480,9656,4305,5351,14532,7022,7510,5856,3081,2775,694,307,387
2048,113,Dallas County,61,61 yrs,38981,18299,20682,8984,4305,4679,9004,3992,5012,14553,7064,7489,5790,2684,3106,650,254,396
2048,113,Dallas County,62,62 yrs,39119,18236,20883,9185,4389,4796,8727,3698,5029,14449,6975,7474,6084,2851,3233,674,323,351
2048,113,Dallas County,63,63 yrs,36757,17538,19219,8575,4108,4467,7821,3379,4442,14188,6907,7281,5577,2888,2689,596,256,340
2048,113,Dallas County,64,64 yrs,36358,17008,19350,8150,4036,4114,7421,3173,4248,14079,6806,7273,6139,2726,3413,569,267,302
2048,113,Dallas County,65,65 yrs,37023,17325,19698,8077,3990,4087,7407,3102,4305,14729,7114,7615,6189,2844,3345,621,275,346
2048,113,Dallas County,66,66 yrs,35357,16761,18596,7611,3750,3861,6996,2939,4057,14519,7108,7411,5660,2701,2959,571,263,308
2048,113,Dallas County,67,67 yrs,34510,16101,18409,7306,3566,3740,6913,2860,4053,14706,7150,7556,5139,2314,2825,446,211,235
2048,113,Dallas County,68,68 yrs,33901,16002,17899,6793,3363,3430,6709,2742,3967,14881,7242,7639,5030,2419,2611,488,236,252
2048,113,Dallas County,69,69 yrs,30391,14415,15976,6076,3002,3074,6086,2531,3555,13536,6597,6939,4300,2092,2208,393,193,200
2048,113,Dallas County,70,70 yrs,29639,13964,15675,5824,2839,2985,5672,2296,3376,13851,6731,7120,3938,1943,1995,354,155,199
2048,113,Dallas County,71,71 yrs,28472,13135,15337,5597,2766,2831,5490,2186,3304,13383,6275,7108,3663,1751,1912,339,157,182
2048,113,Dallas County,72,72 yrs,27899,12690,15209,5366,2592,2774,5144,2006,3138,13206,6120,7086,3885,1828,2057,298,144,154
2048,113,Dallas County,73,73 yrs,27649,12800,14849,5417,2629,2788,5032,2012,3020,13300,6253,7047,3625,1781,1844,275,125,150
2048,113,Dallas County,74,74 yrs,25403,11470,13933,5061,2402,2659,4771,1852,2919,12057,5520,6537,3305,1603,1702,209,93,116
2048,113,Dallas County,75,75 yrs,24785,11279,13506,5115,2476,2639,4770,1865,2905,11619,5384,6235,3035,1444,1591,246,110,136
2048,113,Dallas County,76,76 yrs,24188,10939,13249,5273,2500,2773,4727,1843,2884,11096,5063,6033,2890,1446,1444,202,87,115
2048,113,Dallas County,77,77 yrs,23427,10472,12955,5548,2632,2916,4638,1755,2883,10310,4640,5670,2737,1373,1364,194,72,122
2048,113,Dallas County,78,78 yrs,22478,10019,12459,5392,2542,2850,4314,1609,2705,10116,4630,5486,2487,1170,1317,169,68,101
2048,113,Dallas County,79,79 yrs,19754,8976,10778,4879,2283,2596,3769,1473,2296,8733,4042,4691,2237,1127,1110,136,51,85
2048,113,Dallas County,80,80 yrs,18556,8237,10319,4587,2106,2481,3688,1391,2297,8176,3702,4474,1969,989,980,136,49,87
2048,113,Dallas County,81,81 yrs,17176,7544,9632,4419,2040,2379,3462,1274,2188,7500,3416,4084,1693,776,917,102,38,64
2048,113,Dallas County,82,82 yrs,16402,7155,9247,4321,1958,2363,3466,1243,2223,6972,3177,3795,1547,744,803,96,33,63
2048,113,Dallas County,83,83 yrs,16165,7058,9107,4613,2103,2510,3510,1245,2265,6474,2969,3505,1467,709,758,101,32,69
2048,113,Dallas County,84,84 yrs,14814,6384,8430,4591,2011,2580,3166,1100,2066,5598,2582,3016,1376,662,714,83,29,54
2048,113,Dallas County,85,85 yrs,13795,5720,8075,4559,1975,2584,2930,971,1959,5007,2188,2819,1226,564,662,73,22,51
2048,113,Dallas County,86,86 yrs,12524,5126,7398,4378,1833,2545,2707,905,1802,4320,1886,2434,1060,484,576,59,18,41
2048,113,Dallas County,87,87 yrs,11676,4765,6911,4063,1691,2372,2559,837,1722,3951,1726,2225,1041,493,548,62,18,44
2048,113,Dallas County,88,88 yrs,10607,4257,6350,3777,1532,2245,2348,765,1583,3442,1506,1936,987,438,549,53,16,37
2048,113,Dallas County,89,89 yrs,9072,3512,5560,3339,1339,2000,2012,619,1393,2827,1181,1646,851,362,489,43,11,32
2048,113,Dallas County,90,90 yrs,7990,3044,4946,3022,1186,1836,1788,547,1241,2336,950,1386,802,349,453,42,12,30
2048,113,Dallas County,91,91 yrs,6845,2535,4310,2591,972,1619,1542,443,1099,1943,788,1155,736,324,412,33,8,25
2048,113,Dallas County,92,92 yrs,5680,2068,3612,2198,826,1372,1268,359,909,1581,628,953,607,249,358,26,6,20
2048,113,Dallas County,93,93 yrs,4638,1653,2985,1839,660,1179,1032,280,752,1235,489,746,511,220,291,21,4,17
2048,113,Dallas County,94,94 yrs,3565,1201,2364,1426,471,955,787,204,583,915,348,567,422,175,247,15,3,12
2048,113,Dallas County,95,95+ yrs,10678,3435,7243,3872,1174,2698,2516,603,1913,2550,957,1593,1699,694,1005,41,7,34
2049,113,Dallas County,-1,All Ages,3830461,1841163,1989298,710581,352770,357811,839452,396275,443177,1530777,729711,801066,614614,298460,316154,135037,63947,71090
2049,113,Dallas County,0,< 1 yr,55282,28202,27080,9088,4635,4453,9975,5090,4885,24432,12460,11972,8209,4191,4018,3578,1826,1752
2049,113,Dallas County,1,1 yr,54681,27849,26832,8973,4575,4398,9934,5054,4880,24190,12324,11866,8089,4116,3973,3495,1780,1715
2049,113,Dallas County,2,2 yrs,54289,27653,26636,8882,4528,4354,9968,5071,4897,24044,12244,11800,7969,4059,3910,3426,1751,1675
2049,113,Dallas County,3,3 yrs,53849,27392,26457,8768,4470,4298,9995,5073,4922,23900,12163,11737,7832,3975,3857,3354,1711,1643
2049,113,Dallas County,4,4 yrs,53387,27160,26227,8633,4401,4232,10022,5088,4934,23767,12089,11678,7688,3905,3783,3277,1677,1600
2049,113,Dallas County,5,5 yrs,52900,26875,26025,8482,4324,4158,10047,5089,4958,23645,12019,11626,7525,3808,3717,3201,1635,1566
2049,113,Dallas County,6,6 yrs,52410,26603,25807,8342,4248,4094,10061,5101,4960,23507,11923,11584,7373,3736,3637,3127,1595,1532
2049,113,Dallas County,7,7 yrs,51891,26285,25606,8178,4161,4017,10071,5101,4970,23374,11831,11543,7216,3645,3571,3052,1547,1505
2049,113,Dallas County,8,8 yrs,51394,26014,25380,8016,4075,3941,10085,5114,4971,23252,11743,11509,7063,3572,3491,2978,1510,1468
2049,113,Dallas County,9,9 yrs,50893,25704,25189,7849,3986,3863,10097,5114,4983,23139,11662,11477,6908,3482,3426,2900,1460,1440
2049,113,Dallas County,10,10 yrs,50404,25438,24966,7682,3897,3785,10113,5129,4984,23028,11583,11445,6756,3410,3346,2825,1419,1406
2049,113,Dallas County,11,11 yrs,50001,25223,24778,7533,3814,3719,9997,5064,4933,23047,11608,11439,6701,3374,3327,2723,1363,1360
2049,113,Dallas County,12,12 yrs,49596,25046,24550,7388,3734,3654,9882,5013,4869,23063,11633,11430,6640,3349,3291,2623,1317,1306
2049,113,Dallas County,13,13 yrs,49219,24846,24373,7261,3663,3598,9775,4952,4823,23078,11656,11422,6576,3311,3265,2529,1264,1265
2049,113,Dallas County,14,14 yrs,48856,24688,24168,7150,3600,3550,9671,4909,4762,23084,11672,11412,6510,3284,3226,2441,1223,1218
2049,113,Dallas County,15,15 yrs,48507,24511,23996,7074,3568,3506,9572,4852,4720,23068,11677,11391,6444,3243,3201,2349,1171,1178
2049,113,Dallas County,16,16 yrs,49527,24994,24533,7359,3699,3660,9642,4885,4757,23350,11787,11563,6864,3475,3389,2312,1148,1164
2049,113,Dallas County,17,17 yrs,50270,25276,24994,7576,3783,3793,9622,4852,4770,23555,11859,11696,7262,3673,3589,2255,1109,1146
2049,113,Dallas County,18,18 yrs,49611,25005,24606,7277,3676,3601,9279,4712,4567,23308,11707,11601,7538,3832,3706,2209,1078,1131
2049,113,Dallas County,19,19 yrs,48214,24248,23966,6688,3341,3347,8948,4546,4402,22657,11374,11283,7755,3942,3813,2166,1045,1121
2049,113,Dallas County,20,20 yrs,49429,24786,24643,6990,3487,3503,9099,4610,4489,22948,11454,11494,8234,4206,4028,2158,1029,1129
2049,113,Dallas County,21,21 yrs,50706,25229,25477,7408,3685,3723,9576,4801,4775,22812,11318,11494,8685,4374,4311,2225,1051,1174
2049,113,Dallas County,22,22 yrs,52346,25865,26481,8045,3991,4054,10121,5047,5074,22661,11148,11513,9226,4592,4634,2293,1087,1206
2049,113,Dallas County,23,23 yrs,54403,26681,27722,9028,4462,4566,10629,5262,5367,22493,10997,11496,9885,4852,5033,2368,1108,1260
2049,113,Dallas County,24,24 yrs,56279,27513,28766,9881,4908,4973,11091,5471,5620,22356,10873,11483,10494,5113,5381,2457,1148,1309
2049,113,Dallas County,25,25 yrs,58199,28258,29941,10780,5362,5418,11607,5683,5924,22115,10696,11419,11168,5349,5819,2529,1168,1361
2049,113,Dallas County,26,26 yrs,58289,28329,29960,11029,5517,5512,11857,5805,6052,21605,10397,11208,11288,5456,5832,2510,1154,1356
2049,113,Dallas County,27,27 yrs,58168,28211,29957,11119,5597,5522,12084,5891,6193,21071,10077,10994,11397,5507,5890,2497,1139,1358
2049,113,Dallas County,28,28 yrs,58199,28285,29914,11334,5756,5578,12283,6000,6283,20564,9782,10782,11539,5615,5924,2479,1132,1347
2049,113,Dallas County,29,29 yrs,58067,28128,29939,11350,5762,5588,12485,6070,6415,20057,9480,10577,11727,5714,6013,2448,1102,1346
2049,113,Dallas County,30,30 yrs,57897,28034,29863,11448,5841,5607,12652,6142,6510,19581,9205,10376,11777,5751,6026,2439,1095,1344
2049,113,Dallas County,31,31 yrs,57536,27832,29704,11457,5844,5613,12729,6179,6550,19173,8972,10201,11791,5771,6020,2386,1066,1320
2049,113,Dallas County,32,32 yrs,56916,27504,29412,11386,5812,5574,12746,6202,6544,18771,8735,10036,11693,5716,5977,2320,1039,1281
2049,113,Dallas County,33,33 yrs,56316,27168,29148,11288,5768,5520,12766,6217,6549,18404,8513,9891,11590,5656,5934,2268,1014,1254
2049,113,Dallas County,34,34 yrs,55570,26796,28774,11164,5696,5468,12753,6234,6519,18048,8311,9737,11410,5567,5843,2195,988,1207
2049,113,Dallas County,35,35 yrs,54749,26349,28400,11001,5612,5389,12694,6209,6485,17738,8125,9613,11200,5455,5745,2116,948,1168
2049,113,Dallas County,36,36 yrs,53907,25895,28012,10875,5540,5335,12503,6115,6388,17532,7996,9536,10950,5319,5631,2047,925,1122
2049,113,Dallas County,37,37 yrs,53034,25382,27652,10744,5469,5275,12284,5991,6293,17343,7877,9466,10683,5152,5531,1980,893,1087
2049,113,Dallas County,38,38 yrs,52103,24878,27225,10602,5390,5212,12043,5874,6169,17161,7762,9399,10392,4984,5408,1905,868,1037
2049,113,Dallas County,39,39 yrs,49648,23633,26015,7986,4129,3857,12362,6031,6331,18337,8179,10158,9175,4483,4692,1788,811,977
2049,113,Dallas County,40,40 yrs,49706,23465,26241,7817,3978,3839,12617,6073,6544,18399,8317,10082,9122,4337,4785,1751,760,991
2049,113,Dallas County,41,41 yrs,50741,24162,26579,7956,4020,3936,12749,6294,6455,19048,8664,10384,9191,4370,4821,1797,814,983
2049,113,Dallas County,42,42 yrs,49930,23752,26178,7868,4089,3779,12780,6341,6439,18936,8584,10352,8806,4090,4716,1540,648,892
2049,113,Dallas County,43,43 yrs,48982,23124,25858,7671,3951,3720,12569,6086,6483,18532,8291,10241,8685,4128,4557,1525,668,857
2049,113,Dallas County,44,44 yrs,47619,22429,25190,7656,3934,3722,12158,5863,6295,18098,8078,10020,8383,3975,4408,1324,579,745
2049,113,Dallas County,45,45 yrs,46564,22059,24505,7536,3857,3679,11877,5677,6200,17568,7875,9693,8277,4080,4197,1306,570,736
2049,113,Dallas County,46,46 yrs,45623,21437,24186,7378,3815,3563,11620,5558,6062,17313,7734,9579,8088,3776,4312,1224,554,670
2049,113,Dallas County,47,47 yrs,45960,21673,24287,7561,3890,3671,11812,5710,6102,17881,8030,9851,7597,3539,4058,1109,504,605
2049,113,Dallas County,48,48 yrs,46204,21840,24364,7746,4058,3688,11589,5609,5980,17714,7914,9800,8041,3789,4252,1114,470,644
2049,113,Dallas County,49,49 yrs,45183,21102,24081,7762,3966,3796,11843,5623,6220,17097,7671,9426,7385,3335,4050,1096,507,589
2049,113,Dallas County,50,50 yrs,43390,20296,23094,7824,4034,3790,11364,5457,5907,16301,7136,9165,6805,3213,3592,1096,456,640
2049,113,Dallas County,51,51 yrs,42695,20088,22607,7849,4046,3803,11491,5573,5918,15729,6919,8810,6518,3061,3457,1108,489,619
2049,113,Dallas County,52,52 yrs,42581,19793,22788,8225,4213,4012,11520,5471,6049,15349,6796,8553,6473,2858,3615,1014,455,559
2049,113,Dallas County,53,53 yrs,42474,19853,22621,8154,4157,3997,11562,5614,5948,15244,6602,8642,6474,2979,3495,1040,501,539
2049,113,Dallas County,54,54 yrs,43210,20513,22697,8460,4373,4087,12203,5808,6395,14991,6719,8272,6499,3115,3384,1057,498,559
2049,113,Dallas County,55,55 yrs,42446,19859,22587,8274,4257,4017,12129,5732,6397,14695,6552,8143,6376,2856,3520,972,462,510
2049,113,Dallas County,56,56 yrs,41520,19437,22083,7948,4078,3870,12585,5899,6686,14619,6538,8081,5428,2506,2922,940,416,524
2049,113,Dallas County,57,57 yrs,40965,19301,21664,8135,4119,4016,11974,5700,6274,14359,6475,7884,5681,2621,3060,816,386,430
2049,113,Dallas County,58,58 yrs,41335,19544,21791,8311,4223,4088,11762,5496,6266,14621,6620,8001,5807,2797,3010,834,408,426
2049,113,Dallas County,59,59 yrs,40513,19207,21306,8372,4305,4067,11114,5060,6054,14341,6685,7656,5898,2784,3114,788,373,415
2049,113,Dallas County,60,60 yrs,39081,18417,20664,8115,3970,4145,10172,4623,5549,14037,6756,7281,6086,2770,3316,671,298,373
2049,113,Dallas County,61,61 yrs,39058,18756,20302,8558,4172,4386,9472,4199,5273,14403,6952,7451,5938,3133,2805,687,300,387
2049,113,Dallas County,62,62 yrs,38538,18059,20479,8780,4200,4580,8826,3893,4933,14415,6986,7429,5873,2732,3141,644,248,396
2049,113,Dallas County,63,63 yrs,38661,17989,20672,8971,4278,4693,8548,3601,4947,14307,6897,7410,6169,2898,3271,666,315,351
2049,113,Dallas County,64,64 yrs,36277,17292,18985,8362,3998,4364,7640,3285,4355,14028,6818,7210,5656,2939,2717,591,252,339
2049,113,Dallas County,65,65 yrs,35895,16763,19132,7940,3924,4016,7248,3083,4165,13925,6722,7203,6221,2773,3448,561,261,300
2049,113,Dallas County,66,66 yrs,36372,16983,19389,7886,3884,4002,7265,3035,4230,14511,6985,7526,6113,2814,3299,597,265,332
2049,113,Dallas County,67,67 yrs,34682,16399,18283,7422,3646,3776,6854,2873,3981,14289,6965,7324,5569,2662,2907,548,253,295
2049,113,Dallas County,68,68 yrs,33806,15728,18078,7115,3461,3654,6765,2792,3973,14461,7001,7460,5037,2270,2767,428,204,224
2049,113,Dallas County,69,69 yrs,33154,15588,17566,6606,3258,3348,6552,2668,3884,14605,7069,7536,4924,2367,2557,467,226,241
2049,113,Dallas County,70,70 yrs,29695,14040,15655,5902,2905,2997,5937,2465,3472,13276,6440,6836,4204,2045,2159,376,185,191
2049,113,Dallas County,71,71 yrs,29052,13623,15429,5685,2758,2927,5533,2228,3305,13599,6572,7027,3900,1921,1979,335,144,191
2049,113,Dallas County,72,72 yrs,27859,12776,15083,5452,2681,2771,5343,2112,3231,13131,6120,7011,3613,1718,1895,320,145,175
2049,113,Dallas County,73,73 yrs,27234,12309,14925,5222,2509,2713,4989,1933,3056,12922,5947,6975,3821,1787,2034,280,133,147
2049,113,Dallas County,74,74 yrs,26956,12391,14565,5260,2537,2723,4877,1936,2941,12999,6066,6933,3562,1737,1825,258,115,143
2049,113,Dallas County,75,75 yrs,24696,11074,13622,4904,2313,2591,4611,1776,2835,11746,5339,6407,3238,1560,1678,197,86,111
2049,113,Dallas County,76,76 yrs,24025,10877,13148,4938,2379,2559,4556,1765,2791,11313,5205,6108,2993,1430,1563,225,98,127
2049,113,Dallas County,77,77 yrs,23364,10510,12854,5075,2394,2681,4500,1736,2764,10768,4880,5888,2837,1424,1413,184,76,108
2049,113,Dallas County,78,78 yrs,22550,10015,12535,5319,2508,2811,4409,1650,2759,9975,4448,5527,2670,1346,1324,177,63,114
2049,113,Dallas County,79,79 yrs,21553,9539,12014,5154,2416,2738,4079,1509,2570,9744,4417,5327,2423,1137,1286,153,60,93
2049,113,Dallas County,80,80 yrs,18848,8503,10345,4642,2157,2485,3548,1371,2177,8362,3834,4528,2173,1097,1076,123,44,79
2049,113,Dallas County,81,81 yrs,17782,7839,9943,4381,1996,2385,3505,1302,2203,7875,3547,4328,1898,950,948,123,44,79
2049,113,Dallas County,82,82 yrs,16366,7132,9234,4193,1920,2273,3274,1185,2089,7190,3256,3934,1618,738,880,91,33,58
2049,113,Dallas County,83,83 yrs,15543,6720,8823,4078,1832,2246,3264,1150,2114,6640,3005,3635,1477,705,772,84,28,56
2049,113,Dallas County,84,84 yrs,15231,6577,8654,4329,1955,2374,3292,1144,2148,6127,2781,3346,1394,670,724,89,27,62
2049,113,Dallas County,85,85 yrs,13860,5908,7952,4281,1855,2426,2948,1002,1946,5258,2406,2852,1299,620,679,74,25,49
2049,113,Dallas County,86,86 yrs,12858,5279,7579,4216,1806,2410,2721,887,1834,4669,2022,2647,1183,543,640,69,21,48
2049,113,Dallas County,87,87 yrs,11568,4679,6889,4010,1656,2354,2499,819,1680,3987,1725,2262,1017,463,554,55,16,39
2049,113,Dallas County,88,88 yrs,10671,4306,6365,3680,1508,2172,2340,750,1590,3612,1567,2045,983,465,518,56,16,40
2049,113,Dallas County,89,89 yrs,9591,3793,5798,3380,1350,2030,2117,670,1447,3117,1350,1767,930,409,521,47,14,33
2049,113,Dallas County,90,90 yrs,8109,3084,5025,2953,1162,1791,1806,537,1269,2519,1040,1479,794,336,458,37,9,28
2049,113,Dallas County,91,91 yrs,7046,2641,4405,2622,1007,1615,1583,467,1116,2055,833,1222,749,324,425,37,10,27
2049,113,Dallas County,92,92 yrs,5941,2164,3777,2212,811,1401,1348,380,968,1682,674,1008,672,293,379,27,6,21
2049,113,Dallas County,93,93 yrs,4839,1719,3120,1839,671,1168,1084,294,790,1345,528,817,549,221,328,22,5,17
2049,113,Dallas County,94,94 yrs,3879,1353,2526,1498,518,980,879,232,647,1038,406,632,448,194,254,16,3,13
2049,113,Dallas County,95,95+ yrs,11238,3636,7602,3984,1206,2778,2630,636,1994,2754,1041,1713,1827,746,1081,43,7,36
2050,113,Dallas County,-1,All Ages,3869605,1859128,2010477,708756,352063,356693,843940,398720,445220,1540138,732904,807234,637791,309634,328157,138980,65807,73173
2050,113,Dallas County,0,< 1 yr,55658,28372,27286,9052,4616,4436,9987,5090,4897,24501,12495,12006,8461,4309,4152,3657,1862,1795
2050,113,Dallas County,1,1 yr,55089,28078,27011,8954,4565,4389,9954,5070,4884,24257,12360,11897,8347,4257,4090,3577,1826,1751
2050,113,Dallas County,2,2 yrs,54725,27856,26869,8882,4529,4353,9988,5076,4912,24103,12273,11830,8242,4189,4053,3510,1789,1721
2050,113,Dallas County,3,3 yrs,54317,27651,26666,8791,4482,4309,10018,5091,4927,23954,12191,11763,8113,4127,3986,3441,1760,1681
2050,113,Dallas County,4,4 yrs,53875,27388,26487,8677,4423,4254,10047,5094,4953,23810,12110,11700,7973,4041,3932,3368,1720,1648
2050,113,Dallas County,5,5 yrs,53408,27152,26256,8543,4354,4189,10074,5109,4965,23677,12035,11642,7823,3968,3855,3291,1686,1605
2050,113,Dallas County,6,6 yrs,52922,26845,26077,8420,4288,4132,10083,5106,4977,23527,11934,11593,7672,3879,3793,3220,1638,1582
2050,113,Dallas County,7,7 yrs,52427,26572,25855,8281,4213,4068,10097,5119,4978,23388,11837,11551,7516,3805,3711,3145,1598,1547
2050,113,Dallas County,8,8 yrs,51907,26254,25653,8119,4127,3992,10108,5119,4989,23255,11746,11509,7354,3711,3643,3071,1551,1520
2050,113,Dallas County,9,9 yrs,51404,25980,25424,7956,4041,3915,10122,5132,4990,23132,11658,11474,7197,3636,3561,2997,1513,1484
2050,113,Dallas County,10,10 yrs,50899,25669,25230,7789,3951,3838,10133,5132,5001,23019,11577,11442,7039,3545,3494,2919,1464,1455
2050,113,Dallas County,11,11 yrs,50449,25469,24980,7626,3862,3764,10008,5077,4931,23031,11600,11431,6975,3520,3455,2809,1410,1399
2050,113,Dallas County,12,12 yrs,50039,25251,24788,7475,3778,3697,9891,5011,4880,23048,11624,11424,6917,3483,3434,2708,1355,1353
2050,113,Dallas County,13,13 yrs,49631,25072,24559,7329,3698,3631,9778,4961,4817,23063,11648,11415,6854,3457,3397,2607,1308,1299
2050,113,Dallas County,14,14 yrs,49246,24869,24377,7200,3626,3574,9669,4899,4770,23077,11671,11406,6786,3417,3369,2514,1256,1258
2050,113,Dallas County,15,15 yrs,48870,24713,24157,7106,3585,3521,9559,4852,4707,23064,11674,11390,6716,3388,3328,2425,1214,1211
2050,113,Dallas County,16,16 yrs,49913,25171,24742,7379,3708,3671,9622,4870,4752,23364,11795,11569,7163,3618,3545,2385,1180,1205
2050,113,Dallas County,17,17 yrs,50667,25498,25169,7579,3784,3795,9594,4846,4748,23580,11870,11710,7593,3855,3738,2321,1143,1178
2050,113,Dallas County,18,18 yrs,50025,25195,24830,7260,3668,3592,9257,4694,4563,23359,11733,11626,7876,3994,3882,2273,1106,1167
2050,113,Dallas County,19,19 yrs,48655,24490,24165,6653,3324,3329,8924,4539,4385,22744,11415,11329,8108,4135,3973,2226,1077,1149
2050,113,Dallas County,20,20 yrs,49906,25008,24898,6933,3459,3474,9081,4596,4485,23071,11513,11558,8602,4385,4217,2219,1055,1164
2050,113,Dallas County,21,21 yrs,51170,25488,25682,7323,3644,3679,9562,4803,4759,22968,11395,11573,9043,4565,4478,2274,1081,1193
2050,113,Dallas County,22,22 yrs,52853,26102,26751,7945,3941,4004,10108,5037,5071,22862,11250,11612,9582,4759,4823,2356,1115,1241
2050,113,Dallas County,23,23 yrs,54923,26975,27948,8903,4404,4499,10631,5272,5359,22728,11116,11612,10237,5046,5191,2424,1137,1287
2050,113,Dallas County,24,24 yrs,56812,27746,29066,9738,4836,4902,11107,5472,5635,22607,10995,11612,10851,5276,5575,2509,1167,1342
2050,113,Dallas County,25,25 yrs,58723,28533,30190,10620,5282,5338,11627,5700,5927,22376,10822,11554,11514,5530,5984,2586,1199,1387
2050,113,Dallas County,26,26 yrs,58727,28532,30195,10860,5435,5425,11877,5811,6066,21851,10515,11336,11571,5595,5976,2568,1176,1392
2050,113,Dallas County,27,27 yrs,58590,28441,30149,10945,5512,5433,12114,5911,6203,21304,10192,11112,11684,5663,6021,2543,1163,1380
2050,113,Dallas County,28,28 yrs,58618,28465,30153,11161,5667,5494,12321,6013,6308,20784,9889,10895,11826,5750,6076,2526,1146,1380
2050,113,Dallas County,29,29 yrs,58416,28324,30092,11179,5682,5497,12533,6102,6431,20246,9571,10675,11954,5837,6117,2504,1132,1372
2050,113,Dallas County,30,30 yrs,58345,28234,30111,11303,5770,5533,12720,6168,6552,19761,9290,10471,12074,5889,6185,2487,1117,1370
2050,113,Dallas County,31,31 yrs,57939,28044,29895,11323,5775,5548,12807,6224,6583,19333,9046,10287,12037,5903,6134,2439,1096,1343
2050,113,Dallas County,32,32 yrs,57368,27713,29655,11282,5760,5522,12842,6250,6592,18903,8798,10105,11968,5845,6123,2373,1060,1313
2050,113,Dallas County,33,33 yrs,56768,27404,29364,11213,5730,5483,12870,6272,6598,18488,8552,9936,11876,5809,6067,2321,1041,1280
2050,113,Dallas County,34,34 yrs,56081,27024,29057,11100,5668,5432,12874,6287,6587,18110,8334,9776,11737,5721,6016,2260,1014,1246
2050,113,Dallas County,35,35 yrs,55345,26644,28701,10971,5599,5372,12862,6296,6566,17779,8144,9635,11547,5622,5925,2186,983,1203
2050,113,Dallas County,36,36 yrs,54561,26197,28364,10857,5532,5325,12700,6207,6493,17548,8006,9542,11340,5500,5840,2116,952,1164
2050,113,Dallas County,37,37 yrs,53734,25743,27991,10739,5465,5274,12512,6115,6397,17353,7878,9475,11087,5361,5726,2043,924,1119
2050,113,Dallas County,38,38 yrs,52824,25210,27614,10601,5391,5210,12281,5981,6300,17154,7755,9399,10813,5190,5623,1975,893,1082
2050,113,Dallas County,39,39 yrs,51886,24717,27169,10464,5318,5146,12030,5862,6168,16975,7650,9325,10517,5018,5499,1900,869,1031
2050,113,Dallas County,40,40 yrs,49456,23481,25975,7868,4066,3802,12385,6040,6345,18147,8058,10089,9274,4506,4768,1782,811,971
2050,113,Dallas County,41,41 yrs,49686,23406,26280,7761,3943,3818,12566,6041,6525,18349,8274,10075,9268,4397,4871,1742,751,991
2050,113,Dallas County,42,42 yrs,50695,24091,26604,7891,3979,3912,12675,6252,6423,18998,8622,10376,9340,4430,4910,1791,808,983
2050,113,Dallas County,43,43 yrs,49864,23671,26193,7808,4051,3757,12709,6305,6404,18875,8534,10341,8943,4143,4800,1529,638,891
2050,113,Dallas County,44,44 yrs,48916,23045,25871,7608,3913,3695,12489,6040,6449,18483,8248,10235,8822,4184,4638,1514,660,854
2050,113,Dallas County,45,45 yrs,47551,22359,25192,7581,3894,3687,12094,5830,6264,18044,8034,10010,8518,4030,4488,1314,571,743
2050,113,Dallas County,46,46 yrs,46617,22044,24573,7496,3835,3661,11790,5633,6157,17587,7865,9722,8446,4145,4301,1298,566,732
2050,113,Dallas County,47,47 yrs,45688,21428,24260,7339,3794,3545,11558,5532,6026,17328,7720,9608,8252,3835,4417,1211,547,664
2050,113,Dallas County,48,48 yrs,45998,21655,24343,7520,3868,3652,11725,5671,6054,17902,8022,9880,7751,3595,4156,1100,499,601
2050,113,Dallas County,49,49 yrs,46223,21799,24424,7700,4031,3669,11492,5558,5934,17727,7899,9828,8201,3847,4354,1103,464,639
2050,113,Dallas County,50,50 yrs,45178,21063,24115,7694,3928,3766,11748,5582,6166,17116,7664,9452,7534,3387,4147,1086,502,584
2050,113,Dallas County,51,51 yrs,43278,20235,23043,7746,3995,3751,11253,5395,5858,16289,7123,9166,6910,3266,3644,1080,456,624
2050,113,Dallas County,52,52 yrs,42565,20012,22553,7767,4005,3762,11379,5509,5870,15709,6899,8810,6617,3110,3507,1093,489,604
2050,113,Dallas County,53,53 yrs,42432,19700,22732,8135,4167,3968,11398,5401,5997,15329,6775,8554,6572,2904,3668,998,453,545
2050,113,Dallas County,54,54 yrs,42329,19766,22563,8065,4112,3953,11443,5546,5897,15220,6580,8640,6574,3027,3547,1027,501,526
2050,113,Dallas County,55,55 yrs,43120,20436,22684,8391,4324,4067,12094,5739,6355,14987,6708,8279,6603,3167,3436,1045,498,547
2050,113,Dallas County,56,56 yrs,42277,19724,22553,8171,4202,3969,11999,5654,6345,14686,6532,8154,6467,2884,3583,954,452,502
2050,113,Dallas County,57,57 yrs,41327,19292,22035,7846,4024,3822,12441,5812,6629,14608,6517,8091,5509,2532,2977,923,407,516
2050,113,Dallas County,58,58 yrs,40773,19156,21617,8029,4063,3966,11836,5615,6221,14343,6453,7890,5765,2649,3116,800,376,424
2050,113,Dallas County,59,59 yrs,41132,19399,21733,8201,4165,4036,11621,5415,6206,14601,6596,8005,5892,2825,3067,817,398,419
2050,113,Dallas County,60,60 yrs,40310,19064,21246,8262,4248,4014,10972,4980,5992,14318,6659,7659,5986,2814,3172,772,363,409
2050,113,Dallas County,61,61 yrs,38655,18180,20475,7931,3873,4058,9976,4511,5465,13915,6689,7226,6169,2815,3354,664,292,372
2050,113,Dallas County,62,62 yrs,38610,18517,20093,8359,4068,4291,9286,4095,5191,14266,6875,7391,6019,3185,2834,680,294,386
2050,113,Dallas County,63,63 yrs,38076,17813,20263,8574,4094,4480,8639,3790,4849,14277,6910,7367,5951,2778,3173,635,241,394
2050,113,Dallas County,64,64 yrs,38179,17735,20444,8755,4166,4589,8362,3503,4859,14148,6810,7338,6255,2947,3308,659,309,350
2050,113,Dallas County,65,65 yrs,35799,17046,18753,8146,3886,4260,7462,3191,4271,13871,6732,7139,5735,2990,2745,585,247,338
2050,113,Dallas County,66,66 yrs,35268,16435,18833,7754,3821,3933,7108,3016,4092,13721,6601,7120,6145,2745,3400,540,252,288
2050,113,Dallas County,67,67 yrs,35682,16618,19064,7692,3777,3915,7113,2966,4147,14282,6844,7438,6020,2775,3245,575,256,319
2050,113,Dallas County,68,68 yrs,33978,16023,17955,7230,3541,3689,6708,2804,3904,14052,6821,7231,5461,2613,2848,527,244,283
2050,113,Dallas County,69,69 yrs,33063,15323,17740,6922,3354,3568,6607,2717,3890,14196,6836,7360,4929,2221,2708,409,195,214
2050,113,Dallas County,70,70 yrs,32401,15183,17218,6418,3153,3265,6391,2597,3794,14328,6902,7426,4817,2314,2503,447,217,230
2050,113,Dallas County,71,71 yrs,29105,13696,15409,5762,2823,2939,5792,2393,3399,13035,6288,6747,4162,2020,2142,354,172,182
2050,113,Dallas County,72,72 yrs,28435,13262,15173,5542,2675,2867,5386,2155,3231,13343,6411,6932,3848,1887,1961,316,134,182
2050,113,Dallas County,73,73 yrs,27192,12392,14800,5306,2596,2710,5182,2035,3147,12850,5947,6903,3552,1679,1873,302,135,167
2050,113,Dallas County,74,74 yrs,26559,11917,14642,5072,2422,2650,4836,1860,2976,12634,5771,6863,3755,1742,2013,262,122,140
2050,113,Dallas County,75,75 yrs,26208,11968,14240,5098,2445,2653,4714,1857,2857,12665,5869,6796,3490,1691,1799,241,106,135
2050,113,Dallas County,76,76 yrs,23951,10688,13263,4734,2222,2512,4403,1681,2722,11437,5161,6276,3197,1548,1649,180,76,104
2050,113,Dallas County,77,77 yrs,23205,10450,12755,4752,2278,2474,4334,1661,2673,10978,5017,5961,2936,1407,1529,205,87,118
2050,113,Dallas County,78,78 yrs,22499,10056,12443,4868,2282,2586,4278,1632,2646,10417,4678,5739,2769,1397,1372,167,67,100
2050,113,Dallas County,79,79 yrs,21622,9540,12082,5084,2384,2700,4167,1548,2619,9610,4244,5366,2601,1309,1292,160,55,105
2050,113,Dallas County,80,80 yrs,20574,9038,11536,4905,2283,2622,3841,1404,2437,9335,4192,5143,2355,1107,1248,138,52,86
2050,113,Dallas County,81,81 yrs,18064,8097,9967,4434,2046,2388,3371,1284,2087,8054,3674,4380,2094,1054,1040,111,39,72
2050,113,Dallas County,82,82 yrs,16945,7414,9531,4158,1879,2279,3315,1212,2103,7550,3381,4169,1813,904,909,109,38,71
2050,113,Dallas County,83,83 yrs,15520,6705,8815,3959,1797,2162,3085,1098,1987,6850,3081,3769,1545,700,845,81,29,52
2050,113,Dallas County,84,84 yrs,14656,6264,8392,3829,1704,2125,3063,1057,2006,6285,2814,3471,1404,665,739,75,24,51
2050,113,Dallas County,85,85 yrs,14256,6090,8166,4038,1804,2234,3066,1042,2024,5757,2593,3164,1317,628,689,78,23,55
2050,113,Dallas County,86,86 yrs,12922,5457,7465,3961,1697,2264,2737,915,1822,4901,2224,2677,1254,598,656,69,23,46
2050,113,Dallas County,87,87 yrs,11886,4823,7063,3863,1632,2231,2513,802,1711,4309,1850,2459,1137,520,617,64,19,45
2050,113,Dallas County,88,88 yrs,10580,4232,6348,3634,1478,2156,2288,735,1553,3645,1567,2078,962,437,525,51,15,36
2050,113,Dallas County,89,89 yrs,9655,3840,5815,3295,1330,1965,2111,657,1454,3272,1405,1867,926,434,492,51,14,37
2050,113,Dallas County,90,90 yrs,8578,3336,5242,2989,1172,1817,1901,582,1319,2778,1190,1588,868,380,488,42,12,30
2050,113,Dallas County,91,91 yrs,7162,2685,4477,2565,988,1577,1606,465,1141,2216,912,1304,742,312,430,33,8,25
2050,113,Dallas County,92,92 yrs,6118,2256,3862,2239,841,1398,1385,401,984,1780,713,1067,683,293,390,31,8,23
2050,113,Dallas County,93,93 yrs,5069,1804,3265,1853,660,1193,1154,312,842,1432,567,865,607,260,347,23,5,18
2050,113,Dallas County,94,94 yrs,4054,1407,2647,1499,527,972,925,243,682,1131,439,692,482,195,287,17,3,14
2050,113,Dallas County,95,95+ yrs,11949,3923,8026,4126,1266,2860,2796,683,2113,3018,1157,1861,1962,809,1153,47,8,39
